303043100 0 0 1000
303043100 0 1 -1
10 8 0 -1
10 0 1 10
10 5 0 -1
10 2 0 -1
10 7 0 111111111
10 7 1 -1
10 4 0 111111111
10 4 1 -1
10 1 0 1111
10 1 1 -1
10 6 1 111111111
10 3 1 111111111
4 8 0 -1
4 5 0 -1
4 2 0 -1
4 7 0 111111110
4 7 1 -1
4 4 0 111111110
4 4 1 -1
4 1 0 110
4 1 1 -1
4 6 1 111111110
4 3 1 111111110
1 8 0 -1
1 0 1 1
1 5 0 -1
1 2 0 -1
1 7 0 111111111
1 7 1 -1
1 4 0 111111111
1 4 1 -1
1 1 0 111
1 1 1 -1
1 6 1 111111111
1 3 1 111111111
11 0 0 100
11 8 1 111111111
11 5 1 111111111
11 2 1 111111111
11 7 0 -1
11 4 0 -1
11 1 0 -1
11 6 0 111111111
11 6 1 -1
11 3 0 111111111
11 3 1 -1
2 0 0 1
2 8 1 111111111
2 0 1 -1
2 5 1 111111111
2 2 1 111111111
2 7 0 -1
2 4 0 -1
2 1 0 -1
2 6 0 111111111
2 6 1 -1
2 3 0 111111111
2 3 1 -1
3 0 0 -1
3 8 0 111111111
3 8 1 -1
3 5 0 111111111
3 5 1 -1
3 2 0 111111111
3 2 1 -1
3 7 1 111111111
3 4 1 111111111
3 1 1 111111110
3 6 0 -1
3 3 0 -1
12 8 0 111111111
12 8 1 -1
12 5 0 111111111
12 5 1 -1
12 2 0 1111
12 2 1 -1
12 7 1 111111111
12 4 1 111111111
12 1 1 1111
12 6 0 -1
12 3 0 -1
20 0 0 10
20 8 1 111111111
20 0 1 -1
20 5 1 111111111
20 2 1 111111111
20 7 0 -1
20 4 0 -1
20 1 0 -1
20 6 0 111111111
20 6 1 -1
20 3 0 111111111
20 3 1 -1
21 8 0 111111111
21 8 1 -1
21 5 0 111111111
21 5 1 -1
21 2 0 1111
21 2 1 -1
21 7 1 111111111
21 4 1 111111111
21 1 1 111
21 6 0 -1
21 3 0 -1
13 8 0 -1
13 0 1 110
13 5 0 -1
13 2 0 -1
13 7 0 111111111
13 7 1 -1
13 4 0 111111111
13 4 1 -1
13 1 0 1111
13 1 1 -1
13 6 1 111111111
13 3 1 111111111
30 0 0 -1
30 8 0 111111111
30 8 1 -1
30 5 0 111111111
30 5 1 -1
30 2 0 111111111
30 2 1 -1
30 7 1 111111111
30 4 1 111111111
30 1 1 111111101
30 6 0 -1
30 3 0 -1
14 0 0 100
14 8 1 111111110
14 5 1 111111110
14 2 1 111111110
14 7 0 -1
14 4 0 -1
14 1 0 -1
14 6 0 111111110
14 6 1 -1
14 3 0 111111110
14 3 1 -1
22 8 0 -1
22 0 1 11
22 5 0 -1
22 2 0 -1
22 7 0 111111111
22 7 1 -1
22 4 0 111111111
22 4 1 -1
22 1 0 111
22 1 1 -1
22 6 1 111111111
22 3 1 111111111
23 0 0 10
23 8 1 111111111
23 0 1 -1
23 5 1 111111111
23 2 1 111111111
23 7 0 -1
23 4 0 -1
23 1 0 -1
23 6 0 111111111
23 6 1 -1
23 3 0 111111111
23 3 1 -1
24 8 0 111111110
24 8 1 -1
24 5 0 111111110
24 5 1 -1
24 2 0 1110
24 2 1 -1
24 7 1 111111110
24 4 1 111111110
24 1 1 110
24 6 0 -1
24 3 0 -1
31 8 0 -1
31 0 1 101
31 5 0 -1
31 2 0 -1
31 7 0 111111111
31 7 1 -1
31 4 0 111111111
31 4 1 -1
31 1 0 111
31 1 1 -1
31 6 1 111111111
31 3 1 111111111
