3 0 0 -1
11 5 1 111
3 8 1 -1
3 5 0 110
3 5 1 -1
4 8 0 -1
11 2 1 11
1 8 0 -1
4 5 0 -1
2 0 0 1
12 8 1 -1
3 2 0 110
12 5 0 111
2 0 1 -1
4 2 0 -1
1 0 1 1
11 7 0 -1
1 5 0 -1
4 7 1 -1
2 5 1 111
10 8 0 -1
12 5 1 -1
3 2 1 -1
3 4 1 110
3 1 1 110
3 6 0 -1
3 3 0 -1
12 2 0 11
10 0 1 10
2 2 1 111
2 7 0 -1
2 4 0 -1
0 0 0 -1
0 8 0 111
4 4 1 -1
1 2 0 -1
11 4 0 -1
11 6 0 111
11 6 1 -1
11 3 0 11
11 3 1 -1
1 7 0 111
4 1 1 -1
0 8 1 -1
2 1 0 -1
2 6 0 111
10 5 0 -1
12 2 1 -1
12 4 1 111
12 1 1 11
10 2 0 -1
10 7 0 111
10 7 1 -1
10 4 0 111
10 4 1 -1
10 1 0 10
10 1 1 -1
10 6 1 111
2 6 1 -1
0 5 0 111
1 7 1 -1
1 4 0 111
1 4 1 -1
1 1 0 1
1 1 1 -1
1 6 1 111
1 3 1 111
0 5 1 -1
2 3 0 111
2 3 1 -1
10 3 1 111
12 6 0 -1
12 3 0 -1
0 2 0 111
0 2 1 -1
0 7 1 111
0 4 1 111
0 1 1 111
0 6 0 -1
0 3 0 -1
13 8 0 -1
13 0 1 10
13 5 0 -1
13 2 0 -1
14 7 0 -1
14 4 0 -1
14 6 1 -1
13 7 1 -1
13 4 0 110
14 3 1 -1
13 4 1 -1
13 1 0 10
13 1 1 -1
13 3 1 110
20 0 0 10
20 0 1 -1
20 5 1 111
20 2 1 111
20 7 0 -1
20 4 0 -1
20 1 0 -1
20 6 0 111
20 6 1 -1
20 3 0 111
20 3 1 -1
22 8 0 -1
22 0 1 11
22 5 0 -1
22 2 0 -1
22 7 1 -1
22 4 0 111
22 4 1 -1
22 1 0 11
22 1 1 -1
22 3 1 111
21 8 1 -1
21 5 0 111
21 5 1 -1
21 2 0 11
21 2 1 -1
21 4 1 111
21 1 1 11
21 6 0 -1
21 3 0 -1
23 0 0 10
23 0 1 -1
23 2 1 110
23 7 0 -1
23 4 0 -1
23 1 0 -1
23 6 1 -1
23 3 0 110
23 3 1 -1
30 0 0 -1
30 8 1 -1
30 5 0 101
30 5 1 -1
30 2 0 101
30 2 1 -1
30 4 1 101
30 1 1 101
30 6 0 -1
30 3 0 -1
31 8 0 -1
31 0 1 1
31 5 0 -1
31 2 0 -1
31 7 1 -1
31 4 0 101
31 4 1 -1
31 1 0 1
31 1 1 -1
31 3 1 101
32 0 0 1
32 0 1 -1
32 2 1 101
32 7 0 -1
32 4 0 -1
32 1 0 -1
32 6 1 -1
32 3 0 101
32 3 1 -1
33 0 0 -1
33 8 1 -1
33 5 1 -1
33 2 0 100
33 2 1 -1
33 1 1 100
33 6 0 -1
33 3 0 -1
24 8 1 -1
300 0 0 -1
300 8 1 -1
300 5 0 11
300 5 1 -1
300 2 0 11
300 2 1 -1
300 4 1 11
300 1 1 11
300 6 0 -1
300 3 0 -1
43 5 0 -1
43 2 0 -1
43 7 1 -1
43 4 1 -1
43 1 1 -1
44 4 0 -1
44 6 1 -1
44 3 1 -1
24 5 1 -1
24 2 1 -1
24 6 0 -1
24 3 0 -1
42 8 1 -1
42 5 1 -1
42 2 1 -1
42 6 0 -1
42 3 0 -1
41 7 0 -1
41 4 0 -1
41 6 1 -1
41 3 1 -1
34 5 0 -1
34 2 0 -1
34 7 1 -1
34 4 1 -1
40 8 0 -1
34 1 1 -1
301 8 0 -1
301 0 1 1
302 0 0 1
302 0 1 -1
302 2 1 11
302 7 0 -1
302 4 0 -1
302 1 0 -1
302 6 1 -1
302 3 0 11
302 3 1 -1
303 0 0 -1
303 8 1 -1
303 5 1 -1
303 2 0 10
303 2 1 -1
303 1 1 10
303 6 0 -1
303 3 0 -1
310 8 0 -1
310 0 1 10
310 5 0 -1
310 2 0 -1
310 7 1 -1
310 4 0 11
310 4 1 -1
310 1 0 10
310 1 1 -1
310 3 1 11
304 5 0 -1
304 2 0 -1
304 7 1 -1
304 4 1 -1
40 5 0 -1
40 2 0 -1
40 7 1 -1
40 4 1 -1
40 1 1 -1
304 1 1 -1
311 2 1 11
301 5 0 -1
301 2 0 -1
301 7 1 -1
301 4 0 11
301 4 1 -1
301 1 0 1
301 1 1 -1
301 3 1 11
313 0 1 10
313 5 0 -1
313 2 0 -1
313 7 1 -1
313 4 1 -1
313 1 0 10
313 1 1 -1
314 4 0 -1
314 6 1 -1
314 3 1 -1
320 0 0 10
320 0 1 -1
320 2 1 11
320 7 0 -1
320 4 0 -1
320 1 0 -1
320 6 1 -1
320 3 0 11
320 3 1 -1
322 0 1 11
322 5 0 -1
322 2 0 -1
322 7 1 -1
322 4 1 -1
322 1 0 11
322 1 1 -1
323 0 0 10
323 0 1 -1
323 4 0 -1
323 1 0 -1
323 6 1 -1
323 3 1 -1
324 5 1 -1
324 2 1 -1
312 8 1 -1
312 5 1 -1
312 2 0 11
312 2 1 -1
312 1 1 11
312 6 0 -1
312 3 0 -1
330 0 0 -1
330 8 1 -1
330 5 1 -1
330 2 0 1
330 2 1 -1
330 1 1 1
330 6 0 -1
330 3 0 -1
331 0 1 1
331 5 0 -1
331 2 0 -1
331 7 1 -1
331 4 1 -1
331 1 0 1
331 1 1 -1
332 0 0 1
332 0 1 -1
311 7 0 -1
311 4 0 -1
332 4 0 -1
332 1 0 -1
332 6 1 -1
332 3 1 -1
333 0 0 -1
333 5 1 -1
333 2 1 -1
333 3 0 -1
334 2 0 -1
334 4 1 -1
334 1 1 -1
341 4 0 -1
324 3 0 -1
342 5 1 -1
342 2 1 -1
342 3 0 -1
343 2 0 -1
343 4 1 -1
343 1 1 -1
344 3 1 -1
100 8 0 -1
100 0 1 100
100 5 0 -1
100 2 0 -1
100 7 0 111
100 7 1 -1
100 4 0 111
100 4 1 -1
100 1 0 100
100 1 1 -1
100 6 1 111
100 3 1 111
101 5 1 111
101 2 1 101
101 7 0 -1
101 4 0 -1
101 6 0 111
101 6 1 -1
101 3 0 101
101 3 1 -1
102 8 1 -1
102 5 0 111
102 5 1 -1
102 2 0 101
102 2 1 -1
102 4 1 111
102 1 1 101
102 6 0 -1
102 3 0 -1
103 8 0 -1
103 0 1 100
103 5 0 -1
103 2 0 -1
103 7 1 -1
103 4 0 110
103 4 1 -1
103 1 0 100
103 1 1 -1
103 3 1 110
104 7 0 -1
104 4 0 -1
104 6 1 -1
104 3 1 -1
110 5 1 111
110 2 1 110
110 7 0 -1
110 4 0 -1
110 6 0 111
110 6 1 -1
110 3 0 110
110 3 1 -1
111 8 1 -1
111 5 0 111
111 5 1 -1
111 4 1 111
111 6 0 -1
112 8 0 -1
112 5 0 -1
112 7 1 -1
112 4 0 111
112 4 1 -1
112 3 1 111
321 8 1 -1
321 5 1 -1
321 2 0 11
321 2 1 -1
321 1 1 11
321 6 0 -1
321 3 0 -1
341 6 1 -1
341 3 1 -1
340 5 0 -1
311 6 1 -1
311 3 0 11
311 3 1 -1
340 2 0 -1
113 2 1 110
113 7 0 -1
120 8 1 -1
120 5 0 111
120 5 1 -1
120 2 0 110
120 2 1 -1
120 4 1 111
120 1 1 110
120 6 0 -1
120 3 0 -1
114 8 1 -1
114 5 1 -1
114 6 0 -1
340 7 1 -1
122 2 1 111
122 7 0 -1
122 4 0 -1
122 6 1 -1
122 3 0 111
122 3 1 -1
340 4 1 -1
340 1 1 -1
121 8 0 -1
121 5 0 -1
121 7 1 -1
121 4 0 111
121 4 1 -1
121 3 1 111
113 4 0 -1
113 6 1 -1
113 3 0 110
123 8 1 -1
123 5 1 -1
123 2 0 110
123 2 1 -1
123 1 1 110
123 6 0 -1
123 3 0 -1
124 5 0 -1
124 7 1 -1
124 4 1 -1
130 8 0 -1
130 0 1 100
130 5 0 -1
130 2 0 -1
130 7 1 -1
130 4 0 101
130 4 1 -1
130 1 0 100
130 1 1 -1
130 3 1 101
134 4 0 -1
134 6 1 -1
134 3 1 -1
140 7 0 -1
140 4 0 -1
140 6 1 -1
140 3 1 -1
141 8 1 -1
141 5 1 -1
141 6 0 -1
131 2 1 101
131 7 0 -1
131 4 0 -1
131 6 1 -1
131 3 0 101
131 3 1 -1
142 5 0 -1
142 7 1 -1
142 4 1 -1
143 4 0 -1
143 6 1 -1
143 3 1 -1
400 8 0 -1
400 5 0 -1
400 2 0 -1
400 7 1 -1
400 4 1 -1
400 1 1 -1
401 7 0 -1
401 4 0 -1
401 6 1 -1
401 3 1 -1
144 5 1 -1
132 8 1 -1
132 5 1 -1
132 2 0 101
132 2 1 -1
132 1 1 101
132 6 0 -1
132 3 0 -1
410 7 0 -1
410 4 0 -1
410 6 1 -1
410 3 1 -1
133 0 1 100
133 5 0 -1
133 2 0 -1
133 7 1 -1
133 4 1 -1
133 1 0 100
133 1 1 -1
411 8 1 -1
113 3 1 -1
411 5 1 -1
411 6 0 -1
402 8 1 -1
402 5 1 -1
404 4 0 -1
404 6 1 -1
403 5 0 -1
404 3 1 -1
402 2 1 -1
402 6 0 -1
403 2 0 -1
403 7 1 -1
403 4 1 -1
403 1 1 -1
412 5 0 -1
412 7 1 -1
412 4 1 -1
402 3 0 -1
414 5 1 -1
421 5 0 -1
421 7 1 -1
421 4 1 -1
423 5 1 -1
423 2 1 -1
423 3 0 -1
424 4 1 -1
430 5 0 -1
430 2 0 -1
430 7 1 -1
430 4 1 -1
430 1 1 -1
431 4 0 -1
431 6 1 -1
431 3 1 -1
432 5 1 -1
432 2 1 -1
432 3 0 -1
433 2 0 -1
433 4 1 -1
433 1 1 -1
420 8 1 -1
420 5 1 -1
420 2 1 -1
420 6 0 -1
420 3 0 -1
422 4 0 -1
422 6 1 -1
422 3 1 -1
441 5 1 -1
443 3 1 -1
442 4 1 -1
434 3 1 -1
440 4 0 -1
440 6 1 -1
440 3 1 -1
200 0 0 100
200 0 1 -1
200 5 1 111
200 2 1 111
200 7 0 -1
200 4 0 -1
200 1 0 -1
200 6 0 111
200 6 1 -1
200 3 0 111
200 3 1 -1
201 8 1 -1
201 5 0 111
201 5 1 -1
201 2 0 101
201 2 1 -1
201 4 1 111
201 1 1 101
201 6 0 -1
201 3 0 -1
202 8 0 -1
202 0 1 101
202 5 0 -1
202 2 0 -1
202 7 1 -1
202 4 0 111
202 4 1 -1
202 1 0 101
202 1 1 -1
202 3 1 111
413 4 0 -1
413 6 1 -1
413 3 1 -1
210 8 1 -1
204 8 1 -1
210 5 0 111
210 5 1 -1
204 5 1 -1
210 2 0 110
204 2 1 -1
210 2 1 -1
204 6 0 -1
210 4 1 111
204 3 0 -1
210 1 1 110
210 6 0 -1
210 3 0 -1
211 8 0 -1
220 8 0 -1
212 2 1 111
212 7 0 -1
212 4 0 -1
220 0 1 110
220 5 0 -1
220 2 0 -1
211 5 0 -1
220 7 1 -1
220 4 0 111
212 6 1 -1
212 3 0 111
212 3 1 -1
203 0 0 100
203 0 1 -1
203 2 1 110
203 7 0 -1
203 4 0 -1
203 1 0 -1
203 6 1 -1
214 5 0 -1
220 4 1 -1
213 8 1 -1
213 5 1 -1
211 7 1 -1
211 4 0 111
211 4 1 -1
211 3 1 111
213 2 0 110
220 1 0 110
220 1 1 -1
214 7 1 -1
203 3 0 110
203 3 1 -1
214 4 1 -1
220 3 1 111
213 2 1 -1
213 1 1 110
213 6 0 -1
213 3 0 -1
221 2 1 111
221 7 0 -1
224 4 0 -1
224 6 1 -1
224 3 1 -1
222 8 1 -1
221 4 0 -1
222 5 1 -1
223 0 1 110
223 5 0 -1
223 2 0 -1
223 7 1 -1
223 4 1 -1
223 1 0 110
223 1 1 -1
222 2 0 111
221 6 1 -1
222 2 1 -1
222 1 1 111
222 6 0 -1
221 3 0 111
222 3 0 -1
230 0 0 100
221 3 1 -1
230 0 1 -1
233 0 0 100
233 0 1 -1
233 4 0 -1
233 1 0 -1
233 6 1 -1
233 3 1 -1
234 5 1 -1
234 2 1 -1
234 3 0 -1
240 8 1 -1
240 5 1 -1
240 2 1 -1
240 6 0 -1
240 3 0 -1
232 0 1 101
232 5 0 -1
232 2 0 -1
232 7 1 -1
232 4 1 -1
232 1 0 101
232 1 1 -1
230 2 1 101
230 7 0 -1
230 4 0 -1
230 1 0 -1
230 6 1 -1
230 3 0 101
230 3 1 -1
243 5 1 -1
243 2 1 -1
243 3 0 -1
244 4 1 -1
231 8 1 -1
231 5 1 -1
231 2 0 101
231 2 1 -1
231 1 1 101
231 6 0 -1
231 3 0 -1
242 4 0 -1
241 5 0 -1
241 7 1 -1
242 6 1 -1
242 3 1 -1
241 4 1 -1
