4401 0 0 -1
4401 2 1 -1
4401 2 0 11
4401 1 1 11
4401 4 1 11
4401 3 0 -1
1100 5 1 1111
1100 0 0 11
1100 7 0 -1
1100 2 1 1111
1100 8 1 1111
1100 1 0 -1
1100 4 0 -1
1100 3 1 -1
1100 6 1 -1
1100 6 0 1111
1100 3 0 1111
4400 0 0 11
4400 5 1 11
4400 2 1 11
4400 1 0 -1
4400 4 0 -1
4400 3 1 -1
4400 3 0 11
2200 5 0 -1
2200 0 1 1100
2200 7 0 1111
2200 7 1 -1
2200 2 0 -1
2200 8 0 -1
2200 1 0 1111
2200 4 0 1111
2200 1 1 -1
2200 4 1 -1
2200 3 1 1111
2200 6 1 1111
1 0 1 1
1 5 0 -1
1 7 0 1111
1 7 1 -1
1 2 0 -1
1 8 0 -1
1 1 0 1111
1 4 0 1111
1 1 1 -1
1101 5 1 -1
1101 0 0 -1
1101 5 0 1111
1101 7 1 1111
1101 2 1 -1
1101 8 1 -1
1101 2 0 1111
1101 8 0 1111
1101 1 1 1111
1101 4 1 1111
1101 6 0 -1
1101 3 0 -1
1 4 1 -1
1 3 1 1111
1 6 1 1111
4402 0 1 11
4402 2 0 -1
4402 1 0 11
4402 1 1 -1
4402 3 1 11
2201 5 1 1111
2201 0 0 11
2201 7 0 -1
2201 2 1 1111
2201 8 1 1111
2201 1 0 -1
2201 4 0 -1
2201 3 1 -1
2201 6 1 -1
2201 6 0 1111
2201 3 0 1111
2 5 1 1111
2 0 0 1
2 0 1 -1
2 7 0 -1
2 2 1 1111
2 8 1 1111
2 1 0 -1
2 4 0 -1
2 3 1 -1
2 6 1 -1
2 6 0 1111
2 3 0 1111
4403 0 0 11
4403 0 1 -1
4403 2 1 11
4403 1 0 -1
2202 5 1 -1
2202 0 0 -1
2202 5 0 1111
2202 7 1 1111
2202 2 1 -1
2202 2 0 1111
2202 1 1 1111
2202 4 1 1111
2202 6 0 -1
2202 3 0 -1
1102 0 1 11
1102 5 0 -1
1102 7 0 1111
1102 7 1 -1
1102 2 0 -1
1102 8 0 -1
1102 1 0 1111
1102 4 0 1111
1102 1 1 -1
1102 4 1 -1
1102 3 1 1111
1102 6 1 1111
4404 0 0 -1
4404 1 1 10
3 5 1 -1
3 0 0 -1
4 5 0 -1
4 7 0 1110
4 7 1 -1
4 2 0 -1
3 5 0 1111
4 8 0 -1
3 7 1 1111
4 1 0 1110
3 2 1 -1
4 4 0 1110
3 8 1 -1
4 4 1 -1
3 2 0 1111
4 3 1 1110
3 8 0 1111
3 1 1 1110
4 6 1 1110
3 4 1 1111
3 6 0 -1
3 3 0 -1
4410 0 0 -1
4410 2 1 -1
4410 2 0 11
4410 1 1 11
4410 4 1 11
2203 5 0 -1
4410 3 0 -1
2203 0 1 1111
2203 2 0 -1
2203 1 0 1111
2203 4 0 1111
2203 1 1 -1
2203 4 1 -1
2203 3 1 1111
2203 6 1 1111
4411 0 1 11
4411 2 0 -1
4411 1 0 11
4411 1 1 -1
4411 3 1 11
2204 5 1 1110
2204 0 0 10
2204 0 1 -1
2204 2 1 1110
2204 1 0 -1
2204 4 0 -1
2204 3 1 -1
2204 3 0 1110
10 0 1 10
10 5 0 -1
1103 5 1 1111
1103 0 0 11
1103 0 1 -1
1103 7 0 -1
1103 2 1 1111
1103 8 1 1111
1103 1 0 -1
1103 4 0 -1
1103 3 1 -1
1103 6 1 -1
1103 6 0 1111
1103 3 0 1111
10 7 0 1111
10 7 1 -1
10 2 0 -1
10 8 0 -1
10 1 0 1111
10 4 0 1111
10 1 1 -1
4412 0 0 11
10 4 1 -1
10 3 1 1111
10 6 1 1111
4412 0 1 -1
4412 2 1 11
4412 1 0 -1
4413 0 0 -1
4413 1 1 11
4414 0 1 10
11 5 1 1111
11 0 0 100
11 7 0 -1
11 2 1 1111
11 8 1 1111
11 1 0 -1
11 4 0 -1
11 3 1 -1
11 6 1 -1
11 6 0 1111
11 3 0 1111
12 5 1 -1
12 5 0 1111
12 7 1 1111
12 2 1 -1
12 8 1 -1
12 2 0 1111
12 8 0 1111
12 1 1 1111
12 4 1 1111
12 6 0 -1
12 3 0 -1
13 0 1 110
13 5 0 -1
14 5 1 1110
14 0 0 100
14 7 0 -1
14 8 1 1110
14 2 1 1110
14 1 0 -1
14 4 0 -1
14 3 1 -1
14 6 1 -1
13 7 0 1111
14 6 0 1110
14 3 0 1110
13 7 1 -1
13 2 0 -1
13 8 0 -1
13 1 0 1111
13 4 0 1111
13 1 1 -1
13 4 1 -1
13 3 1 1111
13 6 1 1111
20 5 1 1111
20 0 0 10
20 0 1 -1
20 7 0 -1
20 2 1 1111
20 8 1 1111
20 1 0 -1
20 4 0 -1
20 3 1 -1
20 6 1 -1
20 6 0 1111
20 3 0 1111
1113 5 1 -1
1113 0 0 -1
1113 5 0 1111
1113 7 1 1111
1113 2 1 -1
1113 2 0 1111
1113 1 1 1111
1113 4 1 1111
1113 6 0 -1
1113 3 0 -1
21 5 1 -1
21 5 0 1111
21 7 1 1111
21 2 1 -1
21 8 1 -1
21 2 0 1111
21 8 0 1111
21 1 1 1111
21 4 1 1111
21 6 0 -1
21 3 0 -1
22 0 1 1011
22 5 0 -1
22 7 0 1111
22 7 1 -1
22 2 0 -1
22 8 0 -1
22 1 0 1111
22 4 0 1111
22 1 1 -1
22 4 1 -1
22 3 1 1111
22 6 1 1111
23 5 1 1111
23 0 0 10
23 0 1 -1
23 7 0 -1
23 2 1 1111
23 8 1 1111
23 1 0 -1
23 4 0 -1
23 3 1 -1
23 6 1 -1
23 6 0 1111
23 3 0 1111
1112 5 1 1111
1112 0 0 1101
1112 0 1 -1
1112 7 0 -1
1112 2 1 1111
1112 8 1 1111
1112 1 0 -1
1112 4 0 -1
1112 3 1 -1
1112 6 1 -1
1112 6 0 1111
1112 3 0 1111
1114 5 0 -1
1114 0 1 1110
1114 2 0 -1
1114 1 0 1110
1114 4 0 1110
1114 4 1 -1
1114 1 1 -1
1114 3 1 1110
1114 6 1 1110
24 5 1 -1
24 5 0 1110
24 7 1 1110
24 2 1 -1
24 2 0 1110
24 4 1 1110
24 1 1 1110
24 6 0 -1
24 3 0 -1
1110 5 1 -1
1110 0 0 -1
1110 5 0 1111
1110 7 1 1111
1110 2 1 -1
1110 8 1 -1
1110 2 0 1111
1110 8 0 1111
1110 1 1 1111
1110 4 1 1111
1110 6 0 -1
1110 3 0 -1
1104 5 1 -1
1104 0 0 -1
1104 5 0 1110
1104 7 1 1110
1104 2 1 -1
1104 2 0 1110
1104 1 1 1110
1104 4 1 1110
1104 6 0 -1
1104 3 0 -1
1111 5 0 -1
1111 0 1 1011
1111 7 0 1111
1111 7 1 -1
1111 2 0 -1
1111 8 0 -1
1111 1 0 1111
1111 4 0 1111
1111 1 1 -1
1111 4 1 -1
1111 3 1 1111
1111 6 1 1111
31 0 1 101
31 5 0 -1
31 7 0 1111
31 7 1 -1
31 2 0 -1
31 8 0 -1
31 1 0 1111
31 4 0 1111
31 1 1 -1
31 4 1 -1
31 3 1 1111
31 6 1 1111
2234 0 0 1110
2234 0 1 -1
2234 2 1 1110
2234 1 0 -1
30 5 1 -1
30 0 0 -1
30 5 0 1111
30 7 1 1111
30 2 1 -1
30 8 1 -1
30 2 0 1111
30 8 0 1111
30 1 1 1101
30 4 1 1111
30 6 0 -1
30 3 0 -1
34 5 0 -1
34 0 1 1100
34 2 0 -1
34 1 0 1110
34 4 0 1110
34 4 1 -1
34 1 1 -1
34 3 1 1110
34 6 1 1110
1134 0 0 -1
1134 2 1 -1
1134 2 0 1110
1134 4 1 1110
1134 1 1 1110
1134 3 0 -1
2233 0 1 1111
2233 2 0 -1
2233 1 0 1111
2233 1 1 -1
2233 3 1 1111
32 5 1 1111
32 0 0 1001
32 0 1 -1
32 7 0 -1
32 2 1 1111
32 8 1 1111
32 1 0 -1
32 4 0 -1
32 3 1 -1
32 6 1 -1
32 6 0 1111
32 3 0 1111
2232 0 0 -1
2232 2 1 -1
2232 2 0 1111
2232 4 1 1111
2232 1 1 1111
2232 3 0 -1
1132 5 0 -1
1132 0 1 1111
1132 2 0 -1
1132 1 0 1111
1132 4 0 1111
1132 1 1 -1
1132 4 1 -1
1132 3 1 1111
1132 6 1 1111
3314 0 0 1110
3314 0 1 -1
3314 2 1 1110
3314 1 0 -1
33 5 1 -1
33 0 0 -1
33 5 0 1111
33 7 1 1111
33 2 1 -1
33 2 0 1111
33 1 1 1111
33 4 1 1111
33 6 0 -1
33 3 0 -1
1133 0 0 1011
1133 5 1 1111
1133 0 1 -1
1133 2 1 1111
1133 1 0 -1
1133 4 0 -1
1133 3 1 -1
1133 3 0 1111
3313 0 1 1111
3313 2 0 -1
3313 1 0 1111
3313 1 1 -1
3313 3 1 1111
42 5 1 -1
42 5 0 1101
42 7 1 1101
42 2 1 -1
42 2 0 1101
42 4 1 1101
42 1 1 1101
42 6 0 -1
42 3 0 -1
3312 0 0 -1
3312 2 1 -1
3312 2 0 1111
3312 4 1 1111
3312 1 1 1111
3312 3 0 -1
3324 0 0 -1
3324 1 1 1110
1130 5 1 1111
1130 0 0 11
1130 0 1 -1
1130 7 0 -1
1130 2 1 1111
1130 8 1 1111
1130 1 0 -1
1130 4 0 -1
1130 3 1 -1
1130 6 1 -1
1130 6 0 1111
1130 3 0 1111
1131 5 1 -1
1131 0 0 -1
1131 5 0 1111
1131 7 1 1111
1131 2 1 -1
1131 2 0 1111
1131 1 1 1111
1131 4 1 1111
1131 6 0 -1
1131 3 0 -1
43 5 0 -1
43 0 1 100
43 2 0 -1
43 1 0 1101
43 4 0 1101
43 1 1 -1
43 4 1 -1
43 3 1 1101
43 6 1 1101
2224 0 1 1110
2224 2 0 -1
2224 1 0 1110
2224 1 1 -1
2224 3 1 1110
40 5 0 -1
40 7 0 1101
40 7 1 -1
40 2 0 -1
40 8 0 -1
40 1 0 1101
40 4 0 1101
40 4 1 -1
40 3 1 1101
40 6 1 1101
1124 5 1 1110
1124 0 0 110
1124 0 1 -1
1124 2 1 1110
1124 1 0 -1
1124 4 0 -1
1124 3 1 -1
1124 3 0 1110
41 5 1 1101
41 0 0 100
41 7 0 -1
41 2 1 1101
41 8 1 1101
41 1 0 -1
41 4 0 -1
41 3 1 -1
41 6 1 -1
41 6 0 1101
41 3 0 1101
3322 0 1 1111
3322 2 0 -1
3322 1 0 1111
3322 1 1 -1
3322 3 1 1111
3323 0 0 1111
3323 0 1 -1
3323 2 1 1111
3323 1 0 -1
1122 5 1 -1
1122 5 0 1111
1122 7 1 1111
1122 2 1 -1
1122 2 0 1111
1122 1 1 1111
1122 4 1 1111
1122 6 0 -1
1122 3 0 -1
2230 5 0 -1
2230 0 1 1111
2230 2 0 -1
2230 1 0 1111
2230 4 0 1111
2230 1 1 -1
2230 4 1 -1
2230 3 1 1111
2230 6 1 1111
44 5 1 1100
44 0 0 100
44 2 1 1100
44 1 0 -1
44 4 0 -1
44 3 1 -1
44 3 0 1100
2231 0 0 111
2231 5 1 1111
2231 0 1 -1
2231 2 1 1111
2231 1 0 -1
2231 4 0 -1
2231 3 1 -1
2231 3 0 1111
1123 0 1 1111
1123 5 0 -1
1123 2 0 -1
1123 1 0 1111
1123 4 0 1111
1123 1 1 -1
1123 4 1 -1
1123 3 1 1111
1123 6 1 1111
3321 0 0 -1
3321 2 1 -1
3321 2 0 1111
3321 4 1 1111
3321 1 1 1111
3321 3 0 -1
1120 0 1 11
1120 5 0 -1
1120 7 0 1111
1120 7 1 -1
1120 2 0 -1
1120 8 0 -1
1120 1 0 1111
1120 4 0 1111
1120 1 1 -1
1120 4 1 -1
1120 3 1 1111
1120 6 1 1111
3320 0 0 11
3320 5 1 1111
3320 0 1 -1
3320 2 1 1111
3320 1 0 -1
3320 4 0 -1
3320 3 1 -1
3320 3 0 1111
3303 0 0 -1
3303 2 1 -1
3303 2 0 1111
3303 1 1 1111
3303 4 1 1111
3303 3 0 -1
3302 0 0 11
3302 5 1 1111
3302 0 1 -1
3302 2 1 1111
3302 1 0 -1
3302 4 0 -1
3302 3 1 -1
3302 3 0 1111
1121 5 1 1111
1121 0 0 110
1121 0 1 -1
1121 7 0 -1
1121 2 1 1111
1121 8 1 1111
1121 1 0 -1
1121 4 0 -1
1121 3 1 -1
1121 6 1 -1
1121 6 0 1111
1121 3 0 1111
3301 5 0 -1
3301 0 1 1111
3301 2 0 -1
3301 1 0 1111
3301 4 0 1111
3301 1 1 -1
3301 4 1 -1
3301 3 1 1111
3301 6 1 1111
3300 5 1 -1
3300 0 0 -1
3300 5 0 1111
3300 7 1 1111
3300 2 1 -1
3300 2 0 1111
3300 1 1 1111
3300 4 1 1111
3300 6 0 -1
3300 3 0 -1
1144 0 1 1100
1144 2 0 -1
1144 1 0 1100
1144 1 1 -1
1144 3 1 1100
2223 0 0 -1
2223 2 1 -1
2223 2 0 1111
2223 4 1 1111
2223 1 1 1111
2223 3 0 -1
2222 0 0 1111
2222 5 1 1111
2222 0 1 -1
2222 2 1 1111
2222 1 0 -1
2222 4 0 -1
2222 3 1 -1
2222 3 0 1111
2220 5 1 -1
2220 0 0 -1
2220 5 0 1111
2220 7 1 1111
2220 2 1 -1
2220 2 0 1111
2220 1 1 1111
2220 4 1 1111
2220 6 0 -1
2220 3 0 -1
2221 5 0 -1
2221 0 1 1011
2221 2 0 -1
2221 1 0 1111
2221 4 0 1111
2221 1 1 -1
2221 4 1 -1
2221 3 1 1111
2221 6 1 1111
2211 5 1 -1
2211 0 0 -1
2211 5 0 1111
2211 7 1 1111
2211 2 1 -1
2211 2 0 1111
2211 1 1 1111
2211 4 1 1111
2211 6 0 -1
2211 3 0 -1
1143 0 0 -1
1143 2 1 -1
1143 2 0 1101
1143 4 1 1101
1143 1 1 1101
1143 3 0 -1
3311 0 0 111
3311 5 1 1111
3311 0 1 -1
3311 2 1 1111
3311 1 0 -1
3311 4 0 -1
3311 3 1 -1
3311 3 0 1111
1142 0 0 1101
3310 5 0 -1
1142 5 1 1101
3310 0 1 1111
1142 0 1 -1
1142 2 1 1101
1142 1 0 -1
1142 4 0 -1
3310 2 0 -1
1142 3 1 -1
1142 3 0 1101
3310 1 0 1111
3310 4 0 1111
3310 1 1 -1
3310 4 1 -1
3310 3 1 1111
3310 6 1 1111
1141 5 0 -1
1141 0 1 1101
1141 2 0 -1
1141 1 0 1101
1141 4 0 1101
1141 4 1 -1
1141 1 1 -1
1141 3 1 1101
1141 6 1 1101
2214 0 0 -1
2214 2 1 -1
2214 2 0 1110
2214 4 1 1110
2214 1 1 1110
2214 3 0 -1
2210 5 1 1111
2210 0 0 11
2210 7 0 -1
2210 2 1 1111
2210 8 1 1111
2210 1 0 -1
2210 4 0 -1
2210 3 1 -1
2210 6 1 -1
2210 6 0 1111
2210 3 0 1111
1140 5 1 -1
1140 0 0 -1
1140 5 0 1101
1140 7 1 1101
1140 2 1 -1
1140 2 0 1101
1140 4 1 1101
1140 1 1 1101
1140 6 0 -1
1140 3 0 -1
3304 0 1 1110
3304 2 0 -1
3304 1 0 1110
3304 1 1 -1
3304 3 1 1110
2213 0 0 1111
2213 5 1 1111
2213 0 1 -1
2213 2 1 1111
2213 1 0 -1
2213 4 0 -1
2213 3 1 -1
2213 3 0 1111
1034 5 1 1110
1034 0 0 1100
1034 0 1 -1
1034 2 1 1110
1034 1 0 -1
1034 4 0 -1
1034 3 1 -1
1034 3 0 1110
1033 5 0 -1
1033 0 1 1101
1033 2 0 -1
1033 1 0 1111
1033 4 0 1111
1033 1 1 -1
1033 4 1 -1
1033 3 1 1111
1033 6 1 1111
2212 5 0 -1
2212 0 1 1111
2212 2 0 -1
2212 1 0 1111
2212 4 0 1111
2212 1 1 -1
2212 4 1 -1
2212 3 1 1111
2212 6 1 1111
1032 5 1 -1
1032 0 0 -1
1032 5 0 1111
1032 7 1 1111
1032 2 1 -1
1032 2 0 1111
1032 1 1 1111
1032 4 1 1111
1032 6 0 -1
1032 3 0 -1
3220 5 0 -1
3220 0 1 1111
3220 2 0 -1
3220 1 0 1111
3220 4 0 1111
3221 0 0 1101
3220 1 1 -1
3220 4 1 -1
3220 3 1 1111
3220 6 1 1111
3221 5 1 1111
3221 0 1 -1
3221 2 1 1111
3221 1 0 -1
3221 4 0 -1
3221 3 1 -1
3221 3 0 1111
3222 0 0 -1
3222 2 1 -1
3222 2 0 1111
3222 4 1 1111
3222 1 1 1111
3222 3 0 -1
3223 0 1 1111
3223 2 0 -1
3223 1 0 1111
3223 1 1 -1
3223 3 1 1111
3224 0 0 1110
3224 0 1 -1
3224 2 1 1110
3224 1 0 -1
1024 5 0 -1
1024 0 1 1110
1024 2 0 -1
1024 1 0 1110
1024 4 0 1110
1024 4 1 -1
1024 1 1 -1
1024 3 1 1110
1024 6 1 1110
3230 0 0 100
3230 5 1 1111
3230 0 1 -1
3230 2 1 1111
3230 1 0 -1
3230 4 0 -1
3230 3 1 -1
3230 3 0 1111
3231 2 1 -1
3231 2 0 1111
3231 4 1 1111
3231 1 1 1111
3231 3 0 -1
1030 5 0 -1
1030 0 1 1100
1030 7 0 1111
1030 7 1 -1
1030 2 0 -1
1030 8 0 -1
1030 1 0 1111
1030 4 0 1111
1030 1 1 -1
1030 4 1 -1
1030 3 1 1111
1030 6 1 1111
3203 0 0 110
3203 5 1 1111
3203 0 1 -1
3203 2 1 1111
3203 1 0 -1
3203 4 0 -1
3203 3 1 -1
3203 3 0 1111
1031 5 1 1111
1031 0 0 101
1031 7 0 -1
1031 2 1 1111
1031 8 1 1111
1031 1 0 -1
1031 4 0 -1
1031 3 1 -1
1031 6 1 -1
1031 6 0 1111
1031 3 0 1111
3200 5 1 1111
3200 0 0 100
3200 0 1 -1
3200 7 0 -1
3200 2 1 1111
3200 8 1 1111
3200 1 0 -1
3200 4 0 -1
3200 3 1 -1
3200 6 1 -1
3200 6 0 1111
3200 3 0 1111
3201 5 1 -1
3201 5 0 1111
3201 7 1 1111
3201 2 1 -1
3201 2 0 1111
3201 1 1 1111
3201 4 1 1111
3201 6 0 -1
3201 3 0 -1
2244 0 0 -1
2244 1 1 1100
3204 2 1 -1
3204 2 0 1110
3204 1 1 1110
3204 4 1 1110
3204 3 0 -1
1041 5 1 -1
1041 5 0 1101
1041 7 1 1101
1041 2 1 -1
1041 2 0 1101
1041 4 1 1101
1041 1 1 1101
1041 6 0 -1
1041 3 0 -1
3202 5 0 -1
3202 0 1 1111
3202 2 0 -1
3202 1 0 1111
3202 4 0 1111
3202 1 1 -1
3202 4 1 -1
3202 3 1 1111
3202 6 1 1111
1040 5 1 1101
1040 0 0 100
1040 7 0 -1
1040 2 1 1101
1040 8 1 1101
1040 1 0 -1
1040 4 0 -1
1040 3 1 -1
1040 6 1 -1
1040 6 0 1101
1040 3 0 1101
1042 5 0 -1
1042 0 1 100
1042 2 0 -1
1042 1 0 1101
1042 4 0 1101
1042 1 1 -1
1042 4 1 -1
1042 3 1 1101
1042 6 1 1101
1043 0 0 100
1043 5 1 1101
1043 2 1 1101
1043 1 0 -1
1043 4 0 -1
1043 3 1 -1
1043 3 0 1101
3211 5 0 -1
3211 0 1 1111
3211 2 0 -1
3211 1 0 1111
3211 4 0 1111
3211 1 1 -1
3211 4 1 -1
3211 3 1 1111
3211 6 1 1111
3210 5 1 -1
3210 5 0 1111
3210 7 1 1111
3210 2 1 -1
3210 2 0 1111
3210 1 1 1111
3210 4 1 1111
3210 6 0 -1
3210 3 0 -1
2241 0 0 -1
2241 2 1 -1
2241 2 0 1101
2241 4 1 1101
2241 1 1 1101
2241 3 0 -1
2240 0 0 1
2240 5 1 1101
2240 0 1 -1
2240 2 1 1101
2240 1 0 -1
2240 4 0 -1
2240 3 1 -1
2240 3 0 1101
1044 2 1 -1
1044 2 0 1100
1044 1 1 1100
1044 4 1 1100
1044 3 0 -1
3213 0 0 -1
3213 2 1 -1
3213 2 0 1111
3213 1 1 1111
3213 4 1 1111
3213 3 0 -1
2243 0 0 1101
2243 0 1 -1
2243 2 1 1101
2243 1 0 -1
3214 0 1 1110
3214 2 0 -1
3214 1 0 1110
3214 1 1 -1
3214 3 1 1110
3212 0 0 1111
3212 5 1 1111
3212 0 1 -1
3212 2 1 1111
3212 1 0 -1
3212 4 0 -1
3212 3 1 -1
3212 3 0 1111
2242 0 1 1101
2242 2 0 -1
2242 1 0 1101
2242 1 1 -1
2242 3 1 1101
102 5 1 -1
102 5 0 1111
102 7 1 1111
102 2 1 -1
102 8 1 -1
102 2 0 1111
102 8 0 1111
102 1 1 1111
102 4 1 1111
102 6 0 -1
102 3 0 -1
2303 0 0 1010
2303 5 1 1111
2303 0 1 -1
2303 2 1 1111
2303 1 0 -1
2303 4 0 -1
2303 3 1 -1
2303 3 0 1111
2302 5 0 -1
2302 0 1 1111
2302 2 0 -1
2302 1 0 1111
2302 4 0 1111
2302 1 1 -1
2302 4 1 -1
2302 3 1 1111
2302 6 1 1111
103 5 0 -1
103 0 1 1110
103 7 0 1111
103 7 1 -1
103 2 0 -1
103 8 0 -1
103 1 0 1111
103 4 0 1111
103 1 1 -1
103 4 1 -1
103 3 1 1111
103 6 1 1111
100 5 0 -1
100 0 1 100
100 7 0 1111
100 7 1 -1
100 2 0 -1
100 8 0 -1
100 1 0 1111
100 4 0 1111
100 1 1 -1
100 4 1 -1
100 3 1 1111
100 6 1 1111
4432 0 1 11
101 5 1 1111
101 0 0 1010
101 7 0 -1
101 2 1 1111
101 8 1 1111
101 1 0 -1
101 4 0 -1
101 3 1 -1
101 6 1 -1
101 6 0 1111
101 3 0 1111
110 5 1 1111
110 0 0 1001
110 7 0 -1
110 2 1 1111
110 8 1 1111
110 1 0 -1
110 4 0 -1
110 3 1 -1
110 6 1 -1
110 6 0 1111
110 3 0 1111
4440 0 0 -1
4440 1 1 1
2300 5 1 1111
2300 0 0 1000
2300 0 1 -1
2300 7 0 -1
2300 2 1 1111
2300 8 1 1111
2300 1 0 -1
2300 4 0 -1
2300 3 1 -1
2300 6 1 -1
2300 6 0 1111
2300 3 0 1111
4441 0 1 1
4423 0 1 11
4422 0 0 -1
4422 1 1 11
3234 0 0 -1
3234 1 1 1110
2301 5 1 -1
2301 5 0 1111
2301 7 1 1111
2301 2 1 -1
2301 2 0 1111
2301 1 1 1111
2301 4 1 1111
2301 6 0 -1
2301 3 0 -1
4421 0 0 11
4421 0 1 -1
4421 2 1 11
4421 1 0 -1
111 5 1 -1
111 0 0 -1
111 5 0 1111
111 7 1 1111
111 2 1 -1
111 8 1 -1
111 2 0 1111
111 8 0 1111
111 1 1 1111
111 4 1 1111
111 6 0 -1
111 3 0 -1
4420 0 1 11
4420 2 0 -1
4420 1 0 11
4420 1 1 -1
4420 3 1 11
3233 0 0 111
3233 0 1 -1
3233 2 1 1111
3233 1 0 -1
104 5 1 1110
104 0 0 1010
104 7 0 -1
104 8 1 1110
104 2 1 1110
104 1 0 -1
104 4 0 -1
104 3 1 -1
104 6 1 -1
104 6 0 1110
104 3 0 1110
3232 0 1 1111
3232 2 0 -1
3232 1 0 1111
3232 1 1 -1
3232 3 1 1111
4431 0 0 -1
4431 1 1 11
114 5 1 -1
114 0 0 -1
114 5 0 1110
114 7 1 1110
114 2 1 -1
114 2 0 1110
114 4 1 1110
114 1 1 1110
114 6 0 -1
114 3 0 -1
3243 0 0 -1
3243 1 1 1101
4430 0 0 11
4430 0 1 -1
4430 2 1 11
4430 1 0 -1
3242 0 0 1101
3242 0 1 -1
3242 2 1 1101
3242 1 0 -1
3241 0 1 1101
3241 2 0 -1
3241 1 0 1101
3241 1 1 -1
3241 3 1 1101
113 5 1 1111
113 0 0 1001
113 0 1 -1
113 7 0 -1
113 2 1 1111
113 8 1 1111
113 1 0 -1
113 4 0 -1
113 3 1 -1
113 6 1 -1
113 6 0 1111
113 3 0 1111
3240 2 1 -1
3240 2 0 1101
3240 4 1 1101
3240 1 1 1101
3240 3 0 -1
112 0 1 1001
112 5 0 -1
112 7 0 1111
112 7 1 -1
112 2 0 -1
112 8 0 -1
112 1 0 1111
112 4 0 1111
112 1 1 -1
112 4 1 -1
112 3 1 1111
112 6 1 1111
124 5 0 -1
124 0 1 1110
124 2 0 -1
124 1 0 1110
124 4 0 1110
124 4 1 -1
124 1 1 -1
124 3 1 1110
124 6 1 1110
3244 0 1 1100
123 5 1 -1
123 5 0 1111
123 7 1 1111
123 2 1 -1
123 2 0 1111
123 1 1 1111
123 4 1 1111
123 6 0 -1
123 3 0 -1
120 5 1 -1
120 5 0 1111
120 7 1 1111
120 2 1 -1
120 8 1 -1
120 2 0 1111
120 8 0 1111
120 1 1 1111
120 4 1 1111
120 6 0 -1
120 3 0 -1
121 0 1 1010
121 5 0 -1
121 7 0 1111
121 7 1 -1
121 2 0 -1
121 8 0 -1
121 1 0 1111
121 4 0 1111
121 1 1 -1
121 4 1 -1
121 3 1 1111
121 6 1 1111
122 5 1 1111
122 0 0 100
122 7 0 -1
122 2 1 1111
122 8 1 1111
122 1 0 -1
122 4 0 -1
122 3 1 -1
122 6 1 -1
122 6 0 1111
122 3 0 1111
1223 0 0 1101
1223 5 1 1111
1223 0 1 -1
1223 2 1 1111
1223 1 0 -1
1223 4 0 -1
1223 3 1 -1
1223 3 0 1111
1221 5 1 -1
1221 0 0 -1
1221 5 0 1111
1221 7 1 1111
1221 2 1 -1
1221 2 0 1111
1221 1 1 1111
1221 4 1 1111
1221 6 0 -1
1221 3 0 -1
1220 5 1 1111
1220 0 0 1001
1220 7 0 -1
1220 2 1 1111
1220 8 1 1111
1220 1 0 -1
1220 4 0 -1
1220 3 1 -1
1220 6 1 -1
1220 6 0 1111
1220 3 0 1111
1222 5 0 -1
1222 0 1 1111
1222 2 0 -1
1222 1 0 1111
1222 4 0 1111
1222 1 1 -1
1222 4 1 -1
1222 3 1 1111
1222 6 1 1111
140 5 1 1101
140 0 0 1001
140 7 0 -1
140 2 1 1101
140 8 1 1101
140 1 0 -1
143 0 0 1001
140 4 0 -1
143 5 1 1101
140 3 1 -1
143 0 1 -1
140 6 1 -1
143 2 1 1101
140 6 0 1101
143 1 0 -1
140 3 0 1101
143 4 0 -1
143 3 1 -1
143 3 0 1101
141 5 1 -1
141 0 0 -1
141 5 0 1101
141 7 1 1101
141 2 1 -1
141 2 0 1101
141 4 1 1101
141 1 1 1101
141 6 0 -1
141 3 0 -1
142 5 0 -1
142 0 1 1101
142 2 0 -1
142 1 0 1101
142 4 0 1101
142 4 1 -1
142 1 1 -1
142 3 1 1101
142 6 1 1101
130 5 0 -1
130 0 1 1101
130 7 0 1111
130 7 1 -1
130 2 0 -1
130 8 0 -1
130 1 0 1111
130 4 0 1111
130 1 1 -1
130 4 1 -1
130 3 1 1111
130 6 1 1111
1231 5 0 -1
1231 0 1 1111
1231 2 0 -1
1231 1 0 1111
1231 4 0 1111
1231 1 1 -1
1231 4 1 -1
1231 3 1 1111
1231 6 1 1111
131 5 1 1111
131 0 0 1010
131 0 1 -1
131 7 0 -1
131 2 1 1111
131 8 1 1111
131 1 0 -1
131 4 0 -1
131 3 1 -1
131 6 1 -1
131 6 0 1111
131 3 0 1111
1230 5 1 -1
1230 5 0 1111
1230 7 1 1111
1230 2 1 -1
1230 2 0 1111
1230 1 1 1111
1230 4 1 1111
1230 6 0 -1
1230 3 0 -1
1224 0 0 -1
1224 2 1 -1
1224 2 0 1110
1224 4 1 1110
1224 1 1 1110
1224 3 0 -1
3144 0 0 -1
3144 1 1 1100
133 5 0 -1
133 0 1 1111
133 2 0 -1
133 1 0 1111
133 4 0 1111
133 1 1 -1
133 4 1 -1
133 3 1 1111
133 6 1 1111
134 5 1 1110
134 0 0 1010
134 0 1 -1
134 2 1 1110
134 1 0 -1
134 4 0 -1
134 3 1 -1
134 3 0 1110
132 5 1 -1
132 5 0 1111
132 7 1 1111
132 2 1 -1
132 2 0 1111
132 1 1 1111
132 4 1 1111
132 6 0 -1
132 3 0 -1
1234 0 1 1110
1234 2 0 -1
1234 1 0 1110
1234 1 1 -1
1234 3 1 1110
1244 0 0 1000
1244 0 1 -1
1244 2 1 1100
1244 1 0 -1
1232 0 0 1110
1232 5 1 1111
1232 0 1 -1
1232 2 1 1111
1232 1 0 -1
1232 4 0 -1
1232 3 1 -1
1232 3 0 1111
144 0 0 -1
144 2 1 -1
144 2 0 1100
144 4 1 1100
144 1 1 1100
144 3 0 -1
1233 2 1 -1
1233 2 0 1111
1233 4 1 1111
1233 1 1 1111
1233 3 0 -1
3140 0 0 1001
3140 5 1 1101
3140 0 1 -1
3140 2 1 1101
3140 1 0 -1
3140 4 0 -1
3140 3 1 -1
3140 3 0 1101
3143 0 0 1101
3143 0 1 -1
3143 2 1 1101
3143 1 0 -1
3142 0 1 1101
3142 2 0 -1
3142 1 0 1101
3142 1 1 -1
3142 3 1 1101
3141 0 0 -1
3141 2 1 -1
3141 2 0 1101
3141 4 1 1101
3141 1 1 1101
3141 3 0 -1
1243 0 1 1101
1243 2 0 -1
1243 1 0 1101
1243 1 1 -1
1243 3 1 1101
1242 0 0 -1
1242 2 1 -1
1242 2 0 1101
1242 4 1 1101
1242 1 1 1101
1242 3 0 -1
1241 0 0 1001
1241 5 1 1101
1241 0 1 -1
1241 2 1 1101
1241 1 0 -1
1241 4 0 -1
1241 3 1 -1
1241 3 0 1101
1240 5 0 -1
1240 0 1 1101
1240 2 0 -1
1240 1 0 1101
1240 4 0 1101
1240 4 1 -1
1240 1 1 -1
1240 3 1 1101
1240 6 1 1101
2100 5 1 -1
2100 5 0 1111
2100 7 1 1111
2100 2 1 -1
2100 8 1 -1
2100 2 0 1111
2100 8 0 1111
2100 1 1 1111
2100 4 1 1111
2100 6 0 -1
2100 3 0 -1
2103 5 1 -1
2103 5 0 1111
2103 7 1 1111
2103 2 1 -1
2103 2 0 1111
2103 1 1 1111
2103 4 1 1111
2103 6 0 -1
2103 3 0 -1
2101 5 0 -1
2101 0 1 1010
2101 7 0 1111
2101 7 1 -1
2101 2 0 -1
2101 8 0 -1
2101 1 0 1111
2101 4 0 1111
2101 1 1 -1
2101 4 1 -1
2101 3 1 1111
2101 6 1 1111
2104 5 0 -1
2104 0 1 1110
2104 2 0 -1
2104 1 0 1110
2104 4 0 1110
2104 1 1 -1
2104 4 1 -1
2104 3 1 1110
2104 6 1 1110
2110 5 0 -1
2110 0 1 1001
2110 7 0 1111
2110 7 1 -1
2110 2 0 -1
2110 8 0 -1
2110 1 0 1111
2110 4 0 1111
2102 5 1 1111
2102 0 0 110
2102 7 0 -1
2102 2 1 1111
2102 8 1 1111
2102 1 0 -1
2102 4 0 -1
2102 3 1 -1
2102 6 1 -1
2110 1 1 -1
2102 6 0 1111
2102 3 0 1111
2110 4 1 -1
2110 3 1 1111
2110 6 1 1111
2133 0 0 -1
2133 2 1 -1
2133 2 0 1111
2133 4 1 1111
2133 1 1 1111
2133 3 0 -1
2111 5 1 1111
2111 0 0 1101
2111 0 1 -1
2111 7 0 -1
2111 2 1 1111
2111 8 1 1111
2111 1 0 -1
2111 4 0 -1
2111 3 1 -1
2111 6 1 -1
2111 6 0 1111
2111 3 0 1111
204 5 1 -1
204 5 0 1110
204 7 1 1110
204 2 1 -1
204 2 0 1110
204 1 1 1110
204 4 1 1110
204 6 0 -1
204 3 0 -1
2134 0 1 1110
2134 2 0 -1
2134 1 0 1110
2134 1 1 -1
2134 3 1 1110
2132 0 0 111
2132 5 1 1111
2132 0 1 -1
2132 2 1 1111
2132 1 0 -1
2132 4 0 -1
2132 3 1 -1
2132 3 0 1111
200 5 1 1111
200 0 0 100
200 0 1 -1
200 7 0 -1
200 2 1 1111
200 8 1 1111
200 1 0 -1
200 4 0 -1
200 3 1 -1
200 6 1 -1
200 6 0 1111
200 3 0 1111
201 5 1 -1
201 5 0 1111
201 7 1 1111
201 2 1 -1
201 8 1 -1
201 2 0 1111
201 8 0 1111
201 1 1 1111
201 4 1 1111
201 6 0 -1
201 3 0 -1
3101 5 1 1111
3101 0 0 1010
3101 0 1 -1
3101 7 0 -1
3101 2 1 1111
3101 8 1 1111
3101 1 0 -1
3101 4 0 -1
3101 3 1 -1
3101 6 1 -1
3101 6 0 1111
3101 3 0 1111
3100 5 0 -1
3100 0 1 111
3100 7 0 1111
3100 7 1 -1
3100 2 0 -1
3100 8 0 -1
3100 1 0 1111
3100 4 0 1111
3100 1 1 -1
3100 4 1 -1
3100 3 1 1111
3100 6 1 1111
2131 5 0 -1
2131 0 1 1111
2131 2 0 -1
2131 1 0 1111
2131 4 0 1111
2131 1 1 -1
2131 4 1 -1
2131 3 1 1111
2131 6 1 1111
3103 5 0 -1
3103 0 1 1111
3103 2 0 -1
3103 1 0 1111
3103 4 0 1111
3103 1 1 -1
3103 4 1 -1
3103 3 1 1111
3103 6 1 1111
3102 5 1 -1
3102 5 0 1111
3102 7 1 1111
3102 2 1 -1
3102 2 0 1111
3102 1 1 1111
3102 4 1 1111
3102 6 0 -1
3102 3 0 -1
2130 5 1 -1
2130 5 0 1111
2130 7 1 1111
2130 2 1 -1
2130 2 0 1111
2130 1 1 1111
2130 4 1 1111
2130 6 0 -1
2130 3 0 -1
2141 0 0 1101
2141 5 1 1101
2141 0 1 -1
2141 2 1 1101
2141 1 0 -1
2141 4 0 -1
203 5 1 1111
2141 3 1 -1
203 0 0 100
2141 3 0 1101
203 0 1 -1
203 7 0 -1
203 2 1 1111
203 8 1 1111
203 1 0 -1
203 4 0 -1
203 3 1 -1
203 6 1 -1
203 6 0 1111
203 3 0 1111
202 5 0 -1
202 0 1 101
202 7 0 1111
202 7 1 -1
202 2 0 -1
202 8 0 -1
202 1 0 1111
202 4 0 1111
202 1 1 -1
202 4 1 -1
202 3 1 1111
202 6 1 1111
2140 5 0 -1
2140 0 1 1101
2140 2 0 -1
2140 1 0 1101
2140 4 0 1101
2140 4 1 -1
2140 1 1 -1
2140 3 1 1101
2140 6 1 1101
2143 0 1 1101
2143 2 0 -1
2143 1 0 1101
2143 1 1 -1
2143 3 1 1101
2142 0 0 -1
2142 2 1 -1
2142 2 0 1101
2142 4 1 1101
2142 1 1 1101
2142 3 0 -1
220 5 0 -1
220 0 1 110
220 7 0 1111
220 7 1 -1
220 2 0 -1
220 8 0 -1
220 1 0 1111
220 4 0 1111
220 1 1 -1
220 4 1 -1
220 3 1 1111
220 6 1 1111
223 5 0 -1
223 0 1 1111
223 2 0 -1
223 1 0 1111
223 4 0 1111
223 1 1 -1
223 4 1 -1
223 3 1 1111
223 6 1 1111
222 5 1 -1
222 0 0 -1
222 5 0 1111
222 7 1 1111
222 2 1 -1
222 2 0 1111
222 1 1 1111
222 4 1 1111
222 6 0 -1
222 3 0 -1
221 5 1 1111
221 0 0 1001
221 7 0 -1
221 2 1 1111
221 8 1 1111
221 1 0 -1
221 4 0 -1
221 3 1 -1
221 6 1 -1
221 6 0 1111
221 3 0 1111
2114 5 1 1110
2114 0 0 1100
2114 0 1 -1
2114 2 1 1110
2114 1 0 -1
2114 4 0 -1
2114 3 1 -1
2114 3 0 1110
2124 2 1 -1
2124 2 0 1110
2124 4 1 1110
2124 1 1 1110
2124 3 0 -1
2112 5 1 -1
2112 0 0 -1
2112 5 0 1111
2112 7 1 1111
2112 2 1 -1
2112 2 0 1111
2112 1 1 1111
2112 4 1 1111
2112 6 0 -1
2112 3 0 -1
2113 5 0 -1
2113 0 1 1111
2113 2 0 -1
2113 1 0 1111
2113 4 0 1111
2113 1 1 -1
2113 4 1 -1
2113 3 1 1111
2113 6 1 1111
212 5 1 1111
212 0 0 1010
212 7 0 -1
212 2 1 1111
212 8 1 1111
212 1 0 -1
212 4 0 -1
212 3 1 -1
212 6 1 -1
212 6 0 1111
212 3 0 1111
214 5 0 -1
214 0 1 1110
214 2 0 -1
214 1 0 1110
214 4 0 1110
214 1 1 -1
214 4 1 -1
214 3 1 1110
214 6 1 1110
213 5 1 -1
213 5 0 1111
213 7 1 1111
213 2 1 -1
213 2 0 1111
213 1 1 1111
213 4 1 1111
213 6 0 -1
213 3 0 -1
210 5 1 -1
210 5 0 1111
210 7 1 1111
210 2 1 -1
210 8 1 -1
210 2 0 1111
210 8 0 1111
210 1 1 1111
210 4 1 1111
210 6 0 -1
210 3 0 -1
2120 5 1 1111
2120 0 0 100
2120 7 0 -1
2120 2 1 1111
2120 8 1 1111
2120 1 0 -1
2120 4 0 -1
2120 3 1 -1
2120 6 1 -1
2120 6 0 1111
2120 3 0 1111
2122 5 0 -1
2122 0 1 111
2122 2 0 -1
2122 1 0 1111
2122 4 0 1111
2122 1 1 -1
2122 4 1 -1
2122 3 1 1111
2122 6 1 1111
211 5 0 -1
211 0 1 100
211 7 0 1111
211 7 1 -1
211 2 0 -1
211 8 0 -1
211 1 0 1111
211 4 0 1111
211 1 1 -1
211 4 1 -1
211 3 1 1111
211 6 1 1111
2123 0 0 110
2123 5 1 1111
2123 0 1 -1
2123 2 1 1111
2123 1 0 -1
2123 4 0 -1
2123 3 1 -1
2123 3 0 1111
3131 0 0 1010
3131 5 1 1111
3131 0 1 -1
3131 2 1 1111
3131 1 0 -1
3131 4 0 -1
3131 3 1 -1
3131 3 0 1111
3134 0 0 1110
3134 0 1 -1
3134 2 1 1110
3134 1 0 -1
234 2 1 -1
234 2 0 1110
234 4 1 1110
234 1 1 1110
234 3 0 -1
3130 5 0 -1
3130 0 1 1111
3130 2 0 -1
3130 1 0 1111
3130 4 0 1111
3130 1 1 -1
3130 4 1 -1
3130 3 1 1111
3130 6 1 1111
3133 0 1 1111
3133 2 0 -1
3133 1 0 1111
3133 1 1 -1
3133 3 1 1111
233 0 0 100
233 5 1 1111
233 0 1 -1
233 2 1 1111
233 1 0 -1
233 4 0 -1
233 3 1 -1
233 3 0 1111
3132 2 1 -1
3132 2 0 1111
3132 4 1 1111
3132 1 1 1111
3132 3 0 -1
3123 2 1 -1
3123 2 0 1111
3123 4 1 1111
3123 1 1 1111
3123 3 0 -1
232 5 0 -1
232 0 1 1111
232 2 0 -1
232 1 0 1111
232 4 0 1111
232 1 1 -1
232 4 1 -1
232 3 1 1111
232 6 1 1111
231 5 1 -1
231 5 0 1111
231 7 1 1111
231 2 1 -1
231 2 0 1111
231 1 1 1111
231 4 1 1111
231 6 0 -1
231 3 0 -1
230 5 1 1111
230 0 0 100
230 0 1 -1
230 7 0 -1
230 2 1 1111
230 8 1 1111
230 1 0 -1
230 4 0 -1
230 3 1 -1
230 6 1 -1
230 6 0 1111
230 3 0 1111
3122 0 0 100
3122 5 1 1111
3122 2 1 1111
3122 1 0 -1
3122 4 0 -1
3122 3 1 -1
3122 3 0 1111
3121 5 0 -1
3121 0 1 1110
3121 2 0 -1
3121 1 0 1111
3121 4 0 1111
3121 1 1 -1
3121 4 1 -1
3121 3 1 1111
3121 6 1 1111
3124 0 1 1110
3124 2 0 -1
3124 1 0 1110
3124 1 1 -1
3124 3 1 1110
224 5 1 1110
224 0 0 1000
224 0 1 -1
224 2 1 1110
224 1 0 -1
224 4 0 -1
224 3 1 -1
224 3 0 1110
3120 5 1 -1
3120 5 0 1111
3120 7 1 1111
3120 2 1 -1
3120 2 0 1111
3120 1 1 1111
3120 4 1 1111
3120 6 0 -1
3120 3 0 -1
3114 0 0 -1
3114 2 1 -1
3114 2 0 1110
3114 4 1 1110
3114 1 1 1110
3114 3 0 -1
1203 5 1 -1
1203 5 0 1111
1203 7 1 1111
1203 2 1 -1
1203 2 0 1111
1203 1 1 1111
1203 4 1 1111
1203 6 0 -1
1203 3 0 -1
2121 5 1 -1
2121 5 0 1111
2121 7 1 1111
2121 2 1 -1
2121 2 0 1111
2121 1 1 1111
2121 4 1 1111
2121 6 0 -1
2121 3 0 -1
1200 5 1 -1
1200 5 0 1111
1200 7 1 1111
1200 2 1 -1
1200 8 1 -1
1200 2 0 1111
1200 8 0 1111
1200 1 1 1111
1200 4 1 1111
1200 6 0 -1
1200 3 0 -1
1202 5 1 1111
1202 0 0 1010
1202 7 0 -1
1202 2 1 1111
1202 8 1 1111
1202 1 0 -1
1202 4 0 -1
1202 3 1 -1
1202 6 1 -1
1202 6 0 1111
1202 3 0 1111
2144 0 0 1100
2144 0 1 -1
2144 2 1 1100
2144 1 0 -1
3113 0 0 1101
3113 5 1 1111
3113 0 1 -1
3113 2 1 1111
3113 1 0 -1
3113 4 0 -1
3113 3 1 -1
3113 3 0 1111
3112 5 0 -1
3112 0 1 1101
3112 2 0 -1
3112 1 0 1111
3112 4 0 1111
3112 1 1 -1
3112 4 1 -1
3112 3 1 1111
3112 6 1 1111
1201 5 0 -1
1201 0 1 100
1201 7 0 1111
1201 7 1 -1
1201 2 0 -1
1204 5 0 -1
1201 8 0 -1
1201 1 0 1111
1201 4 0 1111
1201 1 1 -1
1201 4 1 -1
1201 3 1 1111
1201 6 1 1111
1204 0 1 1110
1204 2 0 -1
1204 1 0 1110
1204 4 0 1110
1204 1 1 -1
1204 4 1 -1
1204 3 1 1110
1204 6 1 1110
244 0 1 1100
244 2 0 -1
244 1 0 1100
244 1 1 -1
244 3 1 1100
3104 5 1 1110
3104 0 0 1010
3104 0 1 -1
3104 2 1 1110
3104 1 0 -1
3104 4 0 -1
3104 3 1 -1
3104 3 0 1110
242 0 0 1000
242 5 1 1101
242 0 1 -1
242 2 1 1101
242 1 0 -1
242 4 0 -1
242 3 1 -1
242 3 0 1101
1210 5 0 -1
1210 0 1 100
1210 7 0 1111
1210 7 1 -1
1210 2 0 -1
1210 8 0 -1
1210 1 0 1111
1210 4 0 1111
1210 1 1 -1
1210 4 1 -1
1210 3 1 1111
1210 6 1 1111
1214 5 1 1110
1214 0 0 1010
1214 0 1 -1
1214 2 1 1110
1214 1 0 -1
1214 4 0 -1
1214 3 1 -1
1214 3 0 1110
3110 5 1 1111
3110 0 0 1001
3110 0 1 -1
3110 7 0 -1
3110 2 1 1111
3110 8 1 1111
3110 1 0 -1
3110 4 0 -1
3110 3 1 -1
3110 6 1 -1
3110 6 0 1111
3110 3 0 1111
1211 5 1 1111
1211 0 0 1011
1211 7 0 -1
1211 2 1 1111
1211 8 1 1111
1211 1 0 -1
1211 4 0 -1
1211 3 1 -1
1211 6 1 -1
1211 6 0 1111
1211 3 0 1111
243 2 1 -1
243 2 0 1101
243 4 1 1101
243 1 1 1101
243 3 0 -1
240 5 1 -1
240 5 0 1101
240 7 1 1101
240 2 1 -1
240 2 0 1101
240 4 1 1101
240 1 1 1101
240 6 0 -1
240 3 0 -1
241 5 0 -1
241 0 1 1101
241 2 0 -1
241 1 0 1101
241 4 0 1101
241 4 1 -1
241 1 1 -1
241 3 1 1101
241 6 1 1101
2443 0 1 1001
3111 5 1 -1
3111 0 0 -1
3111 5 0 1111
3111 7 1 1111
3111 2 1 -1
3111 2 0 1111
3111 1 1 1111
3111 4 1 1111
3111 6 0 -1
3111 3 0 -1
2442 0 0 -1
2442 1 1 1001
4131 0 0 -1
4131 2 1 -1
4131 2 0 111
4131 1 1 111
4131 4 1 111
4131 3 0 -1
2441 0 0 1001
2441 0 1 -1
2441 2 1 1001
2441 1 0 -1
2440 0 1 1001
2440 2 0 -1
2440 1 0 1001
2440 1 1 -1
2440 3 1 1001
1212 5 1 -1
1212 0 0 -1
1212 5 0 1111
1212 7 1 1111
1212 2 1 -1
1212 2 0 1111
1212 1 1 1111
1212 4 1 1111
1212 6 0 -1
1212 3 0 -1
4134 0 0 -1
4134 1 1 110
4133 0 0 11
4133 0 1 -1
4133 2 1 111
4133 1 0 -1
2434 0 1 1010
2433 0 0 -1
1213 5 0 -1
1213 0 1 1111
1213 2 0 -1
1213 1 0 1111
1213 4 0 1111
1213 1 1 -1
1213 4 1 -1
1213 3 1 1111
1213 6 1 1111
2433 1 1 1011
4132 0 1 111
4132 2 0 -1
4132 1 0 111
4132 1 1 -1
4132 3 1 111
4143 0 0 -1
4143 1 1 101
4142 0 0 101
4142 0 1 -1
4142 2 1 101
4142 1 0 -1
4141 0 1 101
4141 2 0 -1
4141 1 0 101
4141 1 1 -1
4141 3 1 101
2432 0 0 1011
2432 0 1 -1
2432 2 1 1011
2432 1 0 -1
4144 0 1 100
4140 0 0 -1
4140 2 1 -1
4140 2 0 101
4140 1 1 101
4140 4 1 101
4140 3 0 -1
1344 1 1 1100
4130 0 0 11
4130 5 1 111
4130 0 1 -1
4130 2 1 111
4130 1 0 -1
4130 4 0 -1
4130 3 1 -1
4130 3 0 111
1404 0 0 -1
1404 2 1 -1
1404 2 0 1010
1404 1 1 1010
1404 4 1 1010
1404 3 0 -1
304 5 0 -1
304 0 1 1010
304 2 0 -1
304 1 0 1110
304 4 0 1110
304 1 1 -1
304 4 1 -1
304 3 1 1110
304 6 1 1110
4101 5 1 -1
4101 0 0 -1
4101 5 0 111
4101 7 1 111
4101 2 1 -1
4101 2 0 111
4101 1 1 111
4101 4 1 111
4101 6 0 -1
4101 3 0 -1
1401 5 1 -1
1401 0 0 -1
1401 5 0 1011
1401 7 1 1011
1401 2 1 -1
1401 2 0 1011
1401 4 1 1011
1401 1 1 1011
1401 6 0 -1
1401 3 0 -1
4100 5 1 111
4100 0 0 11
4100 7 0 -1
4100 8 1 111
4100 2 1 111
4100 1 0 -1
4100 4 0 -1
4100 3 1 -1
4100 6 1 -1
4100 6 0 111
4100 3 0 111
1400 5 1 1011
1400 0 0 11
1400 7 0 -1
1400 2 1 1011
1400 8 1 1011
1400 1 0 -1
1400 4 0 -1
1400 3 1 -1
1400 6 1 -1
1400 6 0 1011
1400 3 0 1011
1403 0 0 11
1403 5 1 1011
1403 0 1 -1
1403 2 1 1011
1403 1 0 -1
1403 4 0 -1
1403 3 1 -1
1403 3 0 1011
4103 0 0 11
4103 5 1 111
4103 0 1 -1
4103 2 1 111
4103 1 0 -1
4103 4 0 -1
4103 3 1 -1
4103 3 0 111
1402 5 0 -1
1402 0 1 1011
1402 2 0 -1
1402 1 0 1011
1402 4 0 1011
1402 1 1 -1
1402 4 1 -1
1402 3 1 1011
1402 6 1 1011
4102 5 0 -1
4102 0 1 111
4102 2 0 -1
4102 1 0 111
4102 4 0 111
4102 1 1 -1
4102 4 1 -1
4102 3 1 111
4102 6 1 111
310 5 0 -1
310 0 1 1011
310 7 0 1111
310 7 1 -1
310 2 0 -1
310 8 0 -1
310 1 0 1111
310 4 0 1111
310 1 1 -1
310 4 1 -1
310 3 1 1111
310 6 1 1111
4104 0 0 -1
4104 2 1 -1
4104 2 0 110
4104 1 1 110
4104 4 1 110
4104 3 0 -1
311 5 1 1111
311 0 0 100
311 0 1 -1
311 7 0 -1
311 2 1 1111
311 8 1 1111
311 1 0 -1
311 4 0 -1
311 3 1 -1
311 6 1 -1
311 6 0 1111
311 3 0 1111
314 5 1 1110
314 0 0 100
314 0 1 -1
314 2 1 1110
314 1 0 -1
314 4 0 -1
314 3 1 -1
314 3 0 1110
313 5 0 -1
313 0 1 1111
313 2 0 -1
313 1 0 1111
313 4 0 1111
313 1 1 -1
313 4 1 -1
313 3 1 1111
313 6 1 1111
4111 5 0 -1
4111 0 1 111
4111 2 0 -1
4111 1 0 111
4111 4 0 111
4111 4 1 -1
4111 1 1 -1
4111 3 1 111
4111 6 1 111
312 5 1 -1
312 5 0 1111
312 7 1 1111
312 2 1 -1
312 2 0 1111
312 1 1 1111
312 4 1 1111
312 6 0 -1
312 3 0 -1
4110 5 1 -1
4110 0 0 -1
4110 5 0 111
4110 7 1 111
4110 2 1 -1
4110 2 0 111
4110 1 1 111
4110 4 1 111
4110 6 0 -1
4110 3 0 -1
4114 0 1 110
4114 2 0 -1
4114 1 0 110
4114 1 1 -1
4114 3 1 110
4112 0 0 101
4112 5 1 111
4112 0 1 -1
4112 2 1 111
4112 1 0 -1
4112 4 0 -1
4112 3 1 -1
4112 3 0 111
4113 0 0 -1
4113 2 1 -1
4113 2 0 111
4113 1 1 111
4113 4 1 111
4113 3 0 -1
4120 5 0 -1
4120 0 1 111
4120 2 0 -1
4120 1 0 111
4120 4 0 111
4120 4 1 -1
4120 1 1 -1
4120 3 1 111
4120 6 1 111
4123 0 1 111
4123 2 0 -1
4123 1 0 111
4123 1 1 -1
4123 3 1 111
4122 2 1 -1
4122 2 0 111
4122 4 1 111
4122 1 1 111
4122 3 0 -1
4121 0 0 110
4121 5 1 111
4121 0 1 -1
4121 2 1 111
4121 1 0 -1
4121 4 0 -1
4121 3 1 -1
4121 3 0 111
4124 0 0 110
4124 0 1 -1
4124 2 1 110
4124 1 0 -1
300 5 1 -1
300 0 0 -1
300 5 0 1111
300 7 1 1111
300 2 1 -1
300 8 1 -1
300 2 0 1111
300 8 0 1111
300 1 1 1011
300 4 1 1111
300 6 0 -1
300 3 0 -1
343 0 1 1101
343 2 0 -1
343 1 0 1101
343 1 1 -1
343 3 1 1101
301 5 0 -1
301 0 1 1011
301 7 0 1111
301 7 1 -1
301 2 0 -1
301 8 0 -1
301 1 0 1111
301 4 0 1111
301 1 1 -1
301 4 1 -1
301 3 1 1111
301 6 1 1111
342 2 1 -1
342 2 0 1101
342 4 1 1101
342 1 1 1101
342 3 0 -1
302 5 1 1111
302 0 0 1
302 0 1 -1
302 7 0 -1
302 2 1 1111
302 8 1 1111
302 1 0 -1
302 4 0 -1
302 3 1 -1
302 6 1 -1
302 6 0 1111
302 3 0 1111
303 5 1 -1
303 0 0 -1
303 5 0 1111
303 7 1 1111
303 2 1 -1
303 2 0 1111
303 1 1 1111
303 4 1 1111
303 6 0 -1
303 3 0 -1
341 0 0 100
341 5 1 1101
341 0 1 -1
341 2 1 1101
341 1 0 -1
341 4 0 -1
341 3 1 -1
341 3 0 1101
340 5 0 -1
340 0 1 1001
340 2 0 -1
340 1 0 1101
340 4 0 1101
340 1 1 -1
340 4 1 -1
340 3 1 1101
340 6 1 1101
1304 5 1 1110
1304 0 0 100
1304 0 1 -1
1304 2 1 1110
1304 1 0 -1
1304 4 0 -1
1304 3 1 -1
1304 3 0 1110
4204 0 1 110
4204 2 0 -1
4204 1 0 110
4204 1 1 -1
4204 3 1 110
4203 2 1 -1
4203 2 0 111
4203 1 1 111
4203 4 1 111
4203 3 0 -1
1303 5 0 -1
1303 0 1 1111
1303 2 0 -1
1303 1 0 1111
1303 4 0 1111
1303 1 1 -1
1303 4 1 -1
1303 3 1 1111
1303 6 1 1111
1311 5 1 -1
1311 5 0 1111
1311 7 1 1111
1311 2 1 -1
1311 2 0 1111
1311 1 1 1111
1311 4 1 1111
1311 6 0 -1
1311 3 0 -1
1310 5 1 1111
1310 0 0 100
1310 0 1 -1
1310 7 0 -1
1310 2 1 1111
1310 8 1 1111
1310 1 0 -1
1310 4 0 -1
1310 3 1 -1
1310 6 1 -1
1310 6 0 1111
1310 3 0 1111
1302 5 1 -1
1302 5 0 1111
1302 7 1 1111
1302 2 1 -1
1302 2 0 1111
1302 1 1 1111
1302 4 1 1111
1302 6 0 -1
1302 3 0 -1
344 0 0 100
344 0 1 -1
344 2 1 1100
344 1 0 -1
4202 0 0 10
4202 5 1 111
4202 0 1 -1
4202 2 1 111
4202 1 0 -1
4202 4 0 -1
4202 3 1 -1
4202 3 0 111
4201 5 0 -1
4201 0 1 111
4201 2 0 -1
4201 1 0 111
4201 4 0 111
4201 1 1 -1
4201 4 1 -1
4201 3 1 111
4201 6 1 111
4214 0 0 110
4214 0 1 -1
4214 2 1 110
4214 1 0 -1
4200 5 1 -1
4200 5 0 111
4200 7 1 111
4200 2 1 -1
4200 2 0 111
4200 1 1 111
4200 4 1 111
4200 6 0 -1
4200 3 0 -1
4212 0 0 -1
4212 2 1 -1
4212 2 0 111
4212 1 1 111
4212 4 1 111
4212 3 0 -1
1301 5 1 1111
1301 0 0 100
1301 0 1 -1
1301 7 0 -1
1301 2 1 1111
1301 8 1 1111
1301 1 0 -1
1301 4 0 -1
1301 3 1 -1
1301 6 1 -1
1301 6 0 1111
1301 3 0 1111
324 2 1 -1
324 2 0 1110
324 4 1 1110
324 1 1 1110
324 3 0 -1
1300 5 0 -1
1300 0 1 1011
1300 7 0 1111
1300 7 1 -1
1300 2 0 -1
1300 8 0 -1
1300 1 0 1111
1300 4 0 1111
1300 1 1 -1
1300 4 1 -1
1300 3 1 1111
1300 6 1 1111
4213 0 1 111
4213 2 0 -1
4213 1 0 111
4213 1 1 -1
4213 3 1 111
4210 5 0 -1
4210 0 1 111
4210 2 0 -1
4210 1 0 111
4210 4 0 111
4210 1 1 -1
4210 4 1 -1
4210 3 1 111
4210 6 1 111
323 0 0 1010
323 5 1 1111
323 0 1 -1
323 2 1 1111
323 1 0 -1
323 4 0 -1
323 3 1 -1
323 3 0 1111
322 5 0 -1
322 0 1 1111
322 2 0 -1
322 1 0 1011
322 4 0 1111
322 1 1 -1
322 4 1 -1
322 3 1 1111
322 6 1 1111
4211 0 0 11
4211 5 1 111
4211 0 1 -1
4211 2 1 111
4211 1 0 -1
4211 4 0 -1
4211 3 1 -1
4211 3 0 111
334 0 1 1110
334 2 0 -1
334 1 0 1110
334 1 1 -1
334 3 1 1110
4222 0 1 111
4222 2 0 -1
4222 1 0 111
4222 1 1 -1
4222 3 1 111
4223 0 0 101
4223 0 1 -1
4223 2 1 111
4223 1 0 -1
320 5 1 1111
320 0 0 10
320 0 1 -1
320 7 0 -1
320 2 1 1111
320 8 1 1111
320 1 0 -1
320 4 0 -1
320 3 1 -1
320 6 1 -1
320 6 0 1111
320 3 0 1111
4220 0 0 1
4220 5 1 111
4220 0 1 -1
4220 2 1 111
4220 1 0 -1
4220 4 0 -1
4220 3 1 -1
4220 3 0 111
321 5 1 -1
321 5 0 1111
321 7 1 1111
321 2 1 -1
321 2 0 1111
321 1 1 1111
321 4 1 1111
321 6 0 -1
321 3 0 -1
332 0 0 1001
332 5 1 1111
332 0 1 -1
332 2 1 1111
332 1 0 -1
332 4 0 -1
332 3 1 -1
332 3 0 1111
4221 0 0 -1
4221 2 1 -1
4221 2 0 111
4221 1 1 111
4221 4 1 111
4221 3 0 -1
1341 2 1 -1
1341 2 0 1101
1341 4 1 1101
1341 1 1 1101
1341 3 0 -1
333 0 0 -1
333 2 1 -1
333 2 0 1111
333 4 1 1111
333 1 1 1111
333 3 0 -1
1343 0 0 1100
1343 0 1 -1
1343 2 1 1101
1343 1 0 -1
1340 0 0 100
1340 5 1 1101
1340 0 1 -1
1340 2 1 1101
1340 1 0 -1
1340 4 0 -1
1340 3 1 -1
1340 3 0 1101
331 5 0 -1
331 0 1 1111
331 2 0 -1
331 1 0 1111
331 4 0 1111
331 1 1 -1
331 4 1 -1
331 3 1 1111
331 6 1 1111
330 5 1 -1
330 0 0 -1
330 5 0 1111
330 7 1 1111
330 2 1 -1
330 2 0 1111
330 1 1 1111
330 4 1 1111
330 6 0 -1
330 3 0 -1
1342 0 1 1101
1342 2 0 -1
1342 1 0 1101
1342 1 1 -1
1342 3 1 1101
1333 0 1 1111
1333 2 0 -1
1333 1 0 1111
1333 1 1 -1
1333 3 1 1111
1334 0 0 1100
1334 0 1 -1
1334 2 1 1110
1334 1 0 -1
1331 0 0 1101
1331 5 1 1111
1331 0 1 -1
1331 2 1 1111
1331 1 0 -1
1331 4 0 -1
1331 3 1 -1
1331 3 0 1111
1330 5 0 -1
1330 0 1 1111
1330 2 0 -1
1330 1 0 1111
1330 4 0 1111
1330 1 1 -1
1330 4 1 -1
1330 3 1 1111
1330 6 1 1111
1332 0 0 -1
1332 2 1 -1
1332 2 0 1111
1332 4 1 1111
1332 1 1 1111
1332 3 0 -1
1322 0 0 1011
1322 5 1 1111
1322 0 1 -1
1322 2 1 1111
1322 1 0 -1
1322 4 0 -1
1322 3 1 -1
1322 3 0 1111
1321 5 0 -1
1321 0 1 111
1321 2 0 -1
1321 1 0 1111
1321 4 0 1111
1321 1 1 -1
1321 4 1 -1
1321 3 1 1111
1321 6 1 1111
1320 5 1 -1
1320 5 0 1111
1320 7 1 1111
1320 2 1 -1
1320 2 0 1111
1320 1 1 1111
1320 4 1 1111
1320 6 0 -1
1320 3 0 -1
1323 0 0 -1
1323 2 1 -1
1323 2 0 1111
1323 4 1 1111
1323 1 1 1111
1323 3 0 -1
1324 0 1 1110
1324 2 0 -1
1324 1 0 1110
1324 1 1 -1
1324 3 1 1110
1314 2 1 -1
1314 2 0 1110
1314 4 1 1110
1314 1 1 1110
1314 3 0 -1
1313 0 0 1110
1313 5 1 1111
1313 0 1 -1
1313 2 1 1111
1313 1 0 -1
1313 4 0 -1
1313 3 1 -1
1313 3 0 1111
1312 5 0 -1
1312 0 1 1111
1312 2 0 -1
1312 1 0 1111
1312 4 0 1111
1312 1 1 -1
1312 4 1 -1
1312 3 1 1111
1312 6 1 1111
3404 0 0 1010
3404 0 1 -1
3404 2 1 1010
3404 1 0 -1
410 5 1 1011
410 0 0 1001
410 7 0 -1
410 2 1 1011
410 8 1 1011
410 1 0 -1
410 4 0 -1
410 3 1 -1
410 6 1 -1
410 6 0 1011
410 3 0 1011
411 5 1 -1
411 0 0 -1
411 5 0 1011
411 7 1 1011
411 2 1 -1
411 2 0 1011
411 4 1 1011
411 1 1 1011
411 6 0 -1
411 3 0 -1
2304 2 1 -1
2304 2 0 1110
2304 1 1 1110
2304 4 1 1110
2304 3 0 -1
3402 2 1 -1
3402 2 0 1011
3402 1 1 1011
3402 4 1 1011
3402 3 0 -1
414 0 0 -1
414 2 1 -1
414 2 0 1010
414 4 1 1010
414 1 1 1010
414 3 0 -1
3403 0 1 1011
3403 2 0 -1
3403 1 0 1011
3403 1 1 -1
3403 3 1 1011
3400 5 0 -1
3400 0 1 11
3400 2 0 -1
3400 1 0 1011
3400 4 0 1011
3400 1 1 -1
3400 4 1 -1
3400 3 1 1011
3400 6 1 1011
412 5 0 -1
412 0 1 1011
412 2 0 -1
412 1 0 1001
412 4 0 1011
412 1 1 -1
412 4 1 -1
412 3 1 1011
412 6 1 1011
3401 0 0 1010
3401 5 1 1011
3401 0 1 -1
3401 2 1 1011
3401 1 0 -1
3401 4 0 -1
3401 3 1 -1
3401 3 0 1011
413 0 0 1001
413 5 1 1011
413 0 1 -1
413 2 1 1011
413 1 0 -1
413 4 0 -1
413 3 1 -1
413 3 0 1011
2310 5 1 -1
2310 5 0 1111
2310 7 1 1111
2310 2 1 -1
2310 2 0 1111
2310 1 1 1111
2310 4 1 1111
2310 6 0 -1
2310 3 0 -1
2311 5 0 -1
2311 0 1 1101
2311 2 0 -1
2311 1 0 1111
2311 4 0 1111
2311 1 1 -1
2311 4 1 -1
2311 3 1 1111
2311 6 1 1111
2314 0 1 1110
2314 2 0 -1
2314 1 0 1110
2314 1 1 -1
2314 3 1 1110
403 5 0 -1
403 0 1 1010
403 2 0 -1
403 1 0 1011
403 4 0 1011
403 1 1 -1
403 4 1 -1
403 3 1 1011
403 6 1 1011
400 5 0 -1
400 7 0 1011
400 7 1 -1
400 2 0 -1
400 8 0 -1
400 1 0 1011
400 4 0 1011
400 4 1 -1
400 3 1 1011
400 6 1 1011
2312 0 0 1111
2312 5 1 1111
2312 0 1 -1
2312 2 1 1111
2312 1 0 -1
2312 4 0 -1
2312 3 1 -1
2312 3 0 1111
2313 0 0 -1
2313 2 1 -1
2313 2 0 1111
2313 4 1 1111
2313 1 1 1111
2313 3 0 -1
404 5 1 1010
404 0 0 1010
404 2 1 1010
404 1 0 -1
404 4 0 -1
404 3 1 -1
404 3 0 1010
3423 0 0 -1
3423 1 1 1011
3422 0 0 1011
3422 0 1 -1
3422 2 1 1011
3422 1 0 -1
2323 0 1 1111
2323 2 0 -1
2323 1 0 1111
2323 1 1 -1
2323 3 1 1111
401 5 1 1011
401 0 0 1010
401 7 0 -1
401 2 1 1011
401 8 1 1011
401 1 0 -1
401 4 0 -1
401 3 1 -1
401 6 1 -1
401 6 0 1011
401 3 0 1011
2322 0 0 -1
2322 2 1 -1
2322 2 0 1111
2322 4 1 1111
2322 1 1 1111
2322 3 0 -1
3420 2 1 -1
3420 2 0 1011
3420 4 1 1011
3420 1 1 1011
3420 3 0 -1
3421 0 1 1011
3421 2 0 -1
3421 1 0 1011
3421 1 1 -1
3421 3 1 1011
2324 0 0 1110
2324 0 1 -1
2324 2 1 1110
2324 1 0 -1
2320 5 0 -1
2320 0 1 1110
2320 2 0 -1
2320 1 0 1011
2320 4 0 1111
2320 4 1 -1
2320 1 1 -1
2320 3 1 1111
2320 6 1 1111
3414 0 0 -1
3414 1 1 1010
2331 0 0 -1
2331 2 1 -1
2331 2 0 1111
2331 4 1 1111
2331 1 1 1111
2331 3 0 -1
3413 0 0 1011
3413 0 1 -1
3413 2 1 1011
3413 1 0 -1
2330 0 0 1001
2330 5 1 1111
2330 0 1 -1
2330 2 1 1111
2330 1 0 -1
2330 4 0 -1
2330 3 1 -1
2330 3 0 1111
402 5 1 -1
402 5 0 1011
402 7 1 1011
402 2 1 -1
402 2 0 1011
402 1 1 1011
402 4 1 1011
402 6 0 -1
402 3 0 -1
3412 0 1 1011
3412 2 0 -1
3412 1 0 1011
3412 1 1 -1
3412 3 1 1011
2334 0 0 -1
2334 1 1 1110
3411 0 0 -1
3411 2 1 -1
3411 2 0 1011
3411 4 1 1011
3411 1 1 1011
3411 3 0 -1
3410 0 0 1001
3410 5 1 1011
3410 0 1 -1
3410 2 1 1011
3410 1 0 -1
3410 4 0 -1
3410 3 1 -1
3410 3 0 1011
2333 0 0 1111
2333 0 1 -1
2333 2 1 1111
2333 1 0 -1
440 0 0 1001
440 5 1 1001
440 2 1 1001
440 1 0 -1
440 4 0 -1
440 3 1 -1
440 3 0 1001
4232 0 0 110
4232 0 1 -1
4232 2 1 111
4232 1 0 -1
4233 1 1 111
4234 0 1 110
441 0 0 -1
441 2 1 -1
441 2 0 1001
441 1 1 1001
441 4 1 1001
441 3 0 -1
2332 0 1 1111
2332 2 0 -1
2332 1 0 1111
2332 1 1 -1
2332 3 1 1111
443 0 0 1001
443 0 1 -1
443 2 1 1001
443 1 0 -1
442 0 1 1001
442 2 0 -1
442 1 0 1001
442 1 1 -1
442 3 1 1001
444 0 0 -1
444 1 1 1000
3432 0 0 -1
3432 1 1 1011
3433 0 1 1011
2340 2 1 -1
2340 2 0 1101
2340 4 1 1101
2340 1 1 1101
2340 3 0 -1
2343 0 0 -1
2343 1 1 1101
2341 0 1 1101
2341 2 0 -1
2341 1 0 1101
2341 1 1 -1
2341 3 1 1101
2344 0 1 1100
2321 0 0 1011
2321 5 1 1111
2321 2 1 1111
2321 1 0 -1
2321 4 0 -1
2321 3 1 -1
2321 3 0 1111
2342 0 0 1101
2342 0 1 -1
2342 2 1 1101
2342 1 0 -1
4224 0 0 -1
4224 1 1 110
434 0 0 1010
434 0 1 -1
434 2 1 1010
434 1 0 -1
433 0 1 1011
433 2 0 -1
433 1 0 1011
433 1 1 -1
433 3 1 1011
3430 0 1 1011
3430 2 0 -1
3430 1 0 1011
3430 1 1 -1
3430 3 1 1011
3424 0 1 1010
3431 0 0 1011
3431 0 1 -1
3431 2 1 1011
3431 1 0 -1
432 2 1 -1
432 2 0 1011
432 4 1 1011
432 1 1 1011
432 3 0 -1
424 0 1 1010
424 2 0 -1
424 1 0 1010
424 1 1 -1
424 3 1 1010
4231 0 1 111
4231 2 0 -1
4231 1 0 111
4231 1 1 -1
4231 3 1 111
4230 2 1 -1
4230 2 0 111
4230 4 1 111
4230 1 1 111
4230 3 0 -1
4241 0 0 1
4241 0 1 -1
4241 2 1 101
4241 1 0 -1
4243 0 1 101
431 0 0 1010
431 5 1 1011
431 0 1 -1
431 2 1 1011
431 1 0 -1
431 4 0 -1
431 3 1 -1
431 3 0 1011
4240 0 1 101
4240 2 0 -1
4240 1 0 101
4240 1 1 -1
4240 3 1 101
4242 0 0 -1
4242 1 1 101
3440 0 0 1001
3440 0 1 -1
3440 2 1 1001
3440 1 0 -1
430 5 0 -1
430 0 1 1001
430 2 0 -1
430 1 0 1011
430 4 0 1011
430 4 1 -1
430 1 1 -1
430 3 1 1011
430 6 1 1011
423 2 1 -1
423 2 0 1011
423 4 1 1011
423 1 1 1011
423 3 0 -1
3442 0 1 1001
421 5 0 -1
421 0 1 1011
421 2 0 -1
421 1 0 1010
421 4 0 1011
421 4 1 -1
421 1 1 -1
421 3 1 1011
421 6 1 1011
4332 0 0 -1
4332 1 1 111
420 5 1 -1
420 5 0 1011
420 7 1 1011
420 2 1 -1
420 2 0 1011
420 4 1 1011
420 1 1 1011
420 6 0 -1
420 3 0 -1
4333 0 1 111
1424 0 0 1010
1424 0 1 -1
1424 2 1 1010
1424 1 0 -1
3342 0 0 -1
3342 1 1 1101
422 5 1 1011
422 0 1 -1
422 2 1 1011
422 4 0 -1
422 3 1 -1
422 3 0 1011
4330 0 1 111
4330 2 0 -1
4330 1 0 111
4330 1 1 -1
4330 3 1 111
3343 0 1 1101
4331 0 0 101
4331 0 1 -1
4331 2 1 111
4331 1 0 -1
1430 0 0 11
1430 5 1 1011
1430 0 1 -1
1430 2 1 1011
1430 1 0 -1
1430 4 0 -1
1430 3 1 -1
1430 3 0 1011
3340 0 1 1101
3340 2 0 -1
3340 1 0 1101
3340 1 1 -1
3340 3 1 1101
1431 0 0 -1
1431 2 1 -1
1431 2 0 1011
1431 4 1 1011
1431 1 1 1011
1431 3 0 -1
3341 0 0 101
3341 0 1 -1
3341 2 1 1101
3341 1 0 -1
1434 0 0 -1
1434 1 1 1010
4324 0 1 110
1432 0 1 1011
1432 2 0 -1
1432 1 0 1011
1432 1 1 -1
1432 3 1 1011
3331 0 1 1111
3331 2 0 -1
3331 1 0 1111
3331 1 1 -1
3331 3 1 1111
3334 0 1 1110
3330 0 0 -1
3330 2 1 -1
3330 2 0 1111
3330 4 1 1111
3330 1 1 1111
3330 3 0 -1
1433 0 0 1011
1433 0 1 -1
1433 2 1 1011
1433 1 0 -1
3441 0 0 -1
3441 1 1 1001
4323 0 0 -1
4323 1 1 111
4322 0 0 111
4322 0 1 -1
4322 2 1 111
4322 1 0 -1
3333 0 0 -1
3333 1 1 1111
3332 0 0 1111
3332 0 1 -1
3332 2 1 1111
3332 1 0 -1
4320 2 1 -1
4320 2 0 111
4320 4 1 111
4320 1 1 111
4320 3 0 -1
4321 0 1 111
4321 2 0 -1
4321 1 0 111
4321 1 1 -1
4321 3 1 111
1414 0 1 1010
1414 2 0 -1
1414 1 0 1010
1414 1 1 -1
1414 3 1 1010
1413 0 0 -1
1413 2 1 -1
1413 2 0 1011
1413 4 1 1011
1413 1 1 1011
1413 3 0 -1
1411 5 0 -1
1411 0 1 1011
1411 2 0 -1
1411 1 0 1011
1411 4 0 1011
1411 4 1 -1
1411 1 1 -1
1411 3 1 1011
1411 6 1 1011
4342 0 1 101
4340 0 0 100
4340 0 1 -1
4340 2 1 101
4340 1 0 -1
4341 1 1 101
1410 5 1 -1
1410 0 0 -1
1410 5 0 1011
1410 7 1 1011
1410 2 1 -1
1410 2 0 1011
1410 4 1 1011
1410 1 1 1011
1410 6 0 -1
1410 3 0 -1
1412 0 0 1001
1412 5 1 1011
1412 0 1 -1
1412 2 1 1011
1412 1 0 -1
1412 4 0 -1
1412 3 1 -1
1412 3 0 1011
1423 0 1 1011
1423 2 0 -1
1423 1 0 1011
1423 1 1 -1
1423 3 1 1011
2404 0 1 1010
2404 2 0 -1
2404 1 0 1010
2404 1 1 -1
2404 3 1 1010
1421 0 0 10
1421 5 1 1011
1421 0 1 -1
1421 2 1 1011
1421 1 0 -1
1421 4 0 -1
1421 3 1 -1
1421 3 0 1011
1422 2 1 -1
1422 2 0 1011
1422 4 1 1011
1422 1 1 1011
1422 3 0 -1
1420 5 0 -1
1420 0 1 1011
1420 2 0 -1
1420 1 0 11
1420 4 0 1011
1420 4 1 -1
1420 1 1 -1
1420 3 1 1011
1420 6 1 1011
4300 5 0 -1
4300 0 1 11
4300 2 0 -1
4300 1 0 111
4300 4 0 111
4300 1 1 -1
4300 4 1 -1
4300 3 1 111
4300 6 1 111
4303 0 1 111
4303 2 0 -1
4303 1 0 111
4303 1 1 -1
4303 3 1 111
4301 0 0 100
4301 5 1 111
4301 0 1 -1
4301 2 1 111
4301 1 0 -1
4301 4 0 -1
4301 3 1 -1
4301 3 0 111
4302 2 1 -1
4302 2 0 111
4302 1 1 111
4302 4 1 111
4302 3 0 -1
2400 5 1 -1
2400 5 0 1011
2400 7 1 1011
2400 2 1 -1
2400 2 0 1011
2400 1 1 1011
2400 4 1 1011
2400 6 0 -1
2400 3 0 -1
2401 5 0 -1
2401 0 1 1011
2401 2 0 -1
2401 1 0 1011
2401 4 0 1011
2401 1 1 -1
2401 4 1 -1
2401 3 1 1011
2401 6 1 1011
2403 2 1 -1
2403 2 0 1011
2403 1 1 1011
2403 4 1 1011
2403 3 0 -1
2402 0 0 10
2402 5 1 1011
2402 0 1 -1
2402 2 1 1011
2402 1 0 -1
2402 4 0 -1
2402 3 1 -1
2402 3 0 1011
2414 0 0 1010
2414 0 1 -1
2414 2 1 1010
2414 1 0 -1
2412 0 0 -1
2412 2 1 -1
2412 2 0 1011
2412 4 1 1011
2412 1 1 1011
2412 3 0 -1
2413 0 1 1011
2413 2 0 -1
2413 1 0 1011
2413 1 1 -1
2413 3 1 1011
2410 5 0 -1
2410 0 1 1011
2410 2 0 -1
2410 1 0 1001
2410 4 0 1011
2410 1 1 -1
2410 4 1 -1
2410 3 1 1011
2410 6 1 1011
1441 0 1 1001
1441 2 0 -1
1441 1 0 1001
1441 1 1 -1
1441 3 1 1001
2411 0 0 1001
2411 5 1 1011
2411 0 1 -1
2411 2 1 1011
2411 1 0 -1
2411 4 0 -1
2411 3 1 -1
2411 3 0 1011
2421 2 1 -1
2421 2 0 1011
2421 4 1 1011
2421 1 1 1011
2421 3 0 -1
1443 0 0 -1
1443 1 1 1001
1440 0 0 -1
1440 2 1 -1
1440 2 0 1001
1440 1 1 1001
1440 4 1 1001
1440 3 0 -1
1442 0 0 1001
1442 0 1 -1
1442 2 1 1001
1442 1 0 -1
2420 5 1 1011
2420 0 1 -1
2420 2 1 1011
2420 4 0 -1
2420 3 1 -1
2420 3 0 1011
1444 0 1 1000
2423 0 0 1011
2423 0 1 -1
2423 2 1 1011
2423 1 0 -1
4314 0 0 -1
4314 1 1 110
4313 0 0 111
4313 0 1 -1
4313 2 1 111
4313 1 0 -1
2422 0 1 1011
2422 2 0 -1
2422 1 0 1011
2422 1 1 -1
2422 3 1 1011
4312 0 1 111
4312 2 0 -1
4312 1 0 111
4312 1 1 -1
4312 3 1 111
2431 0 1 1011
2431 2 0 -1
2431 1 0 1011
2431 1 1 -1
2431 3 1 1011
2424 0 0 -1
2424 1 1 1010
2430 2 1 -1
2430 2 0 1011
2430 4 1 1011
2430 1 1 1011
2430 3 0 -1
4304 0 0 110
4304 0 1 -1
4304 2 1 110
4304 1 0 -1
4311 2 1 -1
4311 2 0 111
4311 1 1 111
4311 4 1 111
4311 3 0 -1
4310 0 0 100
4310 5 1 111
4310 0 1 -1
4310 2 1 111
4310 1 0 -1
4310 4 0 -1
4310 3 1 -1
4310 3 0 111
3004 5 0 -1
3004 0 1 100
3004 2 0 -1
3004 1 0 1110
3004 4 0 1110
3004 1 1 -1
3004 4 1 -1
3004 3 1 1110
3004 6 1 1110
3000 5 1 -1
3000 0 0 -1
3000 5 0 1111
3000 7 1 1111
3000 2 1 -1
3000 8 1 -1
3000 2 0 1111
3000 8 0 1111
3000 1 1 111
3000 4 1 1111
3000 6 0 -1
3000 3 0 -1
3001 5 0 -1
3001 0 1 101
3001 7 0 1111
3001 7 1 -1
3001 2 0 -1
3001 8 0 -1
3001 1 0 1111
3001 4 0 1111
3001 1 1 -1
3001 4 1 -1
3001 3 1 1111
3001 6 1 1111
4034 0 0 100
4034 0 1 -1
4034 2 1 110
4034 1 0 -1
3002 5 1 1111
3002 0 0 1
3002 0 1 -1
3002 7 0 -1
3002 2 1 1111
3002 8 1 1111
3002 1 0 -1
3002 4 0 -1
3002 3 1 -1
3002 6 1 -1
3002 6 0 1111
3002 3 0 1111
4033 0 1 101
4033 2 0 -1
4033 1 0 111
4033 1 1 -1
4033 3 1 111
4043 0 0 100
4043 2 1 101
4043 1 0 -1
4042 0 1 100
4042 2 0 -1
4042 1 0 101
4042 1 1 -1
4042 3 1 101
4032 0 0 -1
4032 2 1 -1
4032 2 0 111
4032 4 1 111
4032 1 1 111
4032 3 0 -1
3003 5 1 -1
3003 0 0 -1
3003 5 0 1111
3003 7 1 1111
3003 2 1 -1
3003 2 0 1111
3003 1 1 1111
3003 4 1 1111
3003 6 0 -1
3003 3 0 -1
4044 1 1 100
4041 2 1 -1
4041 2 0 101
4041 1 1 101
4041 4 1 101
4041 3 0 -1
4040 0 0 100
4040 5 1 101
4040 2 1 101
4040 1 0 -1
4040 4 0 -1
4040 3 1 -1
4040 3 0 101
4004 5 1 110
4004 0 0 100
4004 2 1 110
4004 1 0 -1
4004 4 0 -1
4004 3 1 -1
4004 3 0 110
4000 5 0 -1
4000 7 0 111
4000 7 1 -1
4000 2 0 -1
4000 8 0 -1
4000 1 0 111
4000 4 0 111
4000 4 1 -1
4000 3 1 111
4000 6 1 111
4001 5 1 111
4001 0 0 100
4001 7 0 -1
4001 2 1 111
4001 8 1 111
4001 1 0 -1
4001 4 0 -1
4001 3 1 -1
4001 6 1 -1
4001 6 0 111
4001 3 0 111
3041 0 0 100
3041 5 1 1101
3041 2 1 1101
3041 1 0 -1
3041 4 0 -1
3041 3 1 -1
3041 3 0 1101
4003 5 0 -1
4003 0 1 100
4003 2 0 -1
4003 1 0 111
4003 4 0 111
4003 1 1 -1
4003 4 1 -1
4003 3 1 111
4003 6 1 111
4002 5 1 -1
4002 5 0 111
4002 7 1 111
4002 2 1 -1
4002 2 0 111
4002 1 1 111
4002 4 1 111
4002 6 0 -1
4002 3 0 -1
4013 0 0 100
4013 5 1 111
4013 2 1 111
4013 1 0 -1
4013 4 0 -1
4013 3 1 -1
4013 3 0 111
3043 0 1 100
3043 2 0 -1
3043 1 0 1101
3043 1 1 -1
3043 3 1 1101
3040 5 0 -1
3040 0 1 100
3040 2 0 -1
3040 1 0 1101
3040 4 0 1101
3040 1 1 -1
3040 4 1 -1
3040 3 1 1101
3040 6 1 1101
3044 0 0 100
3044 2 1 1100
3044 1 0 -1
4014 2 1 -1
4014 2 0 110
4014 1 1 110
4014 4 1 110
4014 3 0 -1
3042 2 1 -1
4012 5 0 -1
4012 0 1 110
4012 2 0 -1
4012 1 0 111
4012 4 0 111
4012 4 1 -1
4012 1 1 -1
4012 3 1 111
4012 6 1 111
3042 2 0 1101
3042 4 1 1101
3042 1 1 1101
3042 3 0 -1
4011 5 1 -1
4011 5 0 111
4011 7 1 111
4011 2 1 -1
4011 2 0 111
4011 4 1 111
4011 1 1 111
4011 6 0 -1
4011 3 0 -1
4010 0 0 100
4010 5 1 111
4010 7 0 -1
4010 2 1 111
4010 8 1 111
4010 1 0 -1
4010 4 0 -1
4010 3 1 -1
4010 6 1 -1
4010 6 0 111
4010 3 0 111
4021 5 0 -1
4021 0 1 101
4021 2 0 -1
4021 1 0 111
4021 4 0 111
4021 4 1 -1
4021 1 1 -1
4021 3 1 111
4021 6 1 111
4020 5 1 -1
4020 5 0 111
4020 7 1 111
4020 2 1 -1
4020 2 0 111
4020 4 1 111
4020 1 1 111
4020 6 0 -1
4020 3 0 -1
4023 2 1 -1
4023 2 0 111
4023 1 1 111
4023 4 1 111
4023 3 0 -1
4022 0 0 10
4022 5 1 111
4022 0 1 -1
4022 2 1 111
4022 1 0 -1
4022 4 0 -1
4022 3 1 -1
4022 3 0 111
4030 0 1 100
4030 5 0 -1
4030 2 0 -1
4030 1 0 111
4030 4 0 111
4030 4 1 -1
4030 1 1 -1
4030 3 1 111
4030 6 1 111
4024 0 1 110
4024 2 0 -1
4024 1 0 110
4024 1 1 -1
4024 3 1 110
4031 0 0 101
4031 5 1 111
4031 2 1 111
4031 1 0 -1
4031 4 0 -1
4031 3 1 -1
4031 3 0 111
3023 0 0 10
3023 5 1 1111
3023 0 1 -1
3023 2 1 1111
3023 1 0 -1
3023 4 0 -1
3023 3 1 -1
3023 3 0 1111
3022 5 0 -1
3022 0 1 1011
3022 2 0 -1
3022 1 0 1111
3022 4 0 1111
3022 1 1 -1
3022 4 1 -1
3022 3 1 1111
3022 6 1 1111
3021 5 1 -1
3021 5 0 1111
3021 7 1 1111
3021 2 1 -1
3021 2 0 1111
3021 1 1 1111
3021 4 1 1111
3021 6 0 -1
3021 3 0 -1
3020 5 1 1111
3020 0 0 10
3020 0 1 -1
3020 7 0 -1
3020 2 1 1111
3020 8 1 1111
3020 1 0 -1
3020 4 0 -1
3020 3 1 -1
3020 6 1 -1
3020 6 0 1111
3020 3 0 1111
3014 5 1 1110
3014 0 0 100
3014 2 1 1110
3014 1 0 -1
3014 4 0 -1
3014 3 1 -1
3014 3 0 1110
3011 5 1 1111
3011 0 0 100
3011 7 0 -1
3011 2 1 1111
3011 8 1 1111
3011 1 0 -1
3011 4 0 -1
3011 3 1 -1
3011 6 1 -1
3011 6 0 1111
3011 3 0 1111
3034 0 1 1100
3034 2 0 -1
3034 1 0 1110
3034 1 1 -1
3034 3 1 1110
3010 5 0 -1
3010 0 1 110
3010 7 0 1111
3010 7 1 -1
3010 2 0 -1
3010 8 0 -1
3010 1 0 1111
3010 4 0 1111
3010 1 1 -1
3010 4 1 -1
3010 3 1 1111
3010 6 1 1111
3013 5 0 -1
3013 0 1 110
3013 2 0 -1
3013 1 0 1111
3013 4 0 1111
3013 1 1 -1
3013 4 1 -1
3013 3 1 1111
3013 6 1 1111
3033 0 0 -1
3033 2 1 -1
3033 2 0 1111
3033 4 1 1111
3033 1 1 1111
3033 3 0 -1
3024 2 1 -1
3024 2 0 1110
3024 4 1 1110
3024 1 1 1110
3024 3 0 -1
3032 0 0 1001
3032 5 1 1111
3032 0 1 -1
3032 2 1 1111
3032 1 0 -1
3032 4 0 -1
3032 3 1 -1
3032 3 0 1111
3012 5 1 -1
3012 5 0 1111
3012 7 1 1111
3012 2 1 -1
3012 2 0 1111
3012 1 1 1111
3012 4 1 1111
3012 6 0 -1
3012 3 0 -1
3030 5 1 -1
3030 0 0 -1
3030 5 0 1111
3030 7 1 1111
3030 2 1 -1
3030 2 0 1111
3030 1 1 1111
3030 4 1 1111
3030 6 0 -1
3030 3 0 -1
3031 5 0 -1
3031 0 1 101
3031 2 0 -1
3031 1 0 1111
3031 4 0 1111
3031 1 1 -1
3031 4 1 -1
3031 3 1 1111
3031 6 1 1111
2033 0 0 1101
2033 5 1 1111
2033 0 1 -1
2033 2 1 1111
2033 1 0 -1
2033 4 0 -1
2033 3 1 -1
2033 3 0 1111
2032 5 0 -1
2032 0 1 1101
2032 2 0 -1
2032 1 0 1111
2032 4 0 1111
2032 1 1 -1
2032 4 1 -1
2032 3 1 1111
2032 6 1 1111
2034 0 0 -1
2034 2 1 -1
2034 2 0 1110
2034 4 1 1110
2034 1 1 1110
2034 3 0 -1
2040 5 1 -1
2040 5 0 1101
2040 7 1 1101
2040 2 1 -1
2040 2 0 1101
2040 1 1 1101
2040 4 1 1101
2040 6 0 -1
2040 3 0 -1
2041 5 0 -1
2041 0 1 100
2041 2 0 -1
2041 1 0 1101
2041 4 0 1101
2041 1 1 -1
2041 4 1 -1
2041 3 1 1101
2041 6 1 1101
2042 0 0 100
2042 5 1 1101
2042 2 1 1101
2042 1 0 -1
2042 4 0 -1
2042 3 1 -1
2042 3 0 1101
2044 0 1 100
2044 2 0 -1
2044 1 0 1100
2044 1 1 -1
2044 3 1 1100
2043 2 1 -1
2043 2 0 1101
2043 4 1 1101
2043 1 1 1101
2043 3 0 -1
2020 5 0 -1
2020 0 1 1010
2020 7 0 1111
2020 7 1 -1
2020 2 0 -1
2020 8 0 -1
2020 1 0 1110
2020 4 0 1111
2020 1 1 -1
2020 4 1 -1
2020 3 1 1111
2020 6 1 1111
2023 5 0 -1
2023 0 1 1111
2023 2 0 -1
2023 1 0 1111
2023 4 0 1111
2023 1 1 -1
2023 4 1 -1
2023 3 1 1111
2023 6 1 1111
2021 5 1 1111
2021 7 0 -1
2021 2 1 1111
2021 8 1 1111
2021 4 0 -1
2021 3 1 -1
2021 6 1 -1
2021 6 0 1111
2021 3 0 1111
2024 5 1 1110
2024 0 0 10
2024 0 1 -1
2024 2 1 1110
2024 1 0 -1
2024 4 0 -1
2024 3 1 -1
2024 3 0 1110
2022 5 1 -1
2022 5 0 1111
2022 7 1 1111
2022 2 1 -1
2022 2 0 1111
2022 1 1 1111
2022 4 1 1111
2022 6 0 -1
2022 3 0 -1
2031 5 1 -1
2031 5 0 1111
2031 7 1 1111
2031 2 1 -1
2031 2 0 1111
2031 1 1 1111
2031 4 1 1111
2031 6 0 -1
2031 3 0 -1
2030 5 1 1111
2030 0 0 1000
2030 0 1 -1
2030 7 0 -1
2030 2 1 1111
2030 8 1 1111
2030 1 0 -1
2030 4 0 -1
2030 3 1 -1
2030 6 1 -1
2030 6 0 1111
2030 3 0 1111
2002 5 0 -1
2002 0 1 1001
2002 7 0 1111
2002 7 1 -1
2002 2 0 -1
2002 8 0 -1
2002 1 0 1111
2002 4 0 1111
2002 1 1 -1
2002 4 1 -1
2002 3 1 1111
2002 6 1 1111
2000 5 1 1111
2000 0 0 1000
2000 0 1 -1
2000 7 0 -1
2000 2 1 1111
2000 8 1 1111
2000 1 0 -1
2000 4 0 -1
2000 3 1 -1
2000 6 1 -1
2000 6 0 1111
2000 3 0 1111
2003 5 1 1111
2003 0 0 1000
2003 0 1 -1
2003 7 0 -1
2003 2 1 1111
2003 8 1 1111
2003 1 0 -1
2003 4 0 -1
2003 3 1 -1
2003 6 1 -1
2003 6 0 1111
2003 3 0 1111
2001 5 1 -1
2001 5 0 1111
2001 7 1 1111
2001 2 1 -1
2001 8 1 -1
2001 2 0 1111
2001 8 0 1111
2001 1 1 1111
2001 4 1 1111
2001 6 0 -1
2001 3 0 -1
2004 5 1 -1
2004 5 0 1110
2004 7 1 1110
2004 2 1 -1
2004 2 0 1110
2004 1 1 1110
2004 4 1 1110
2004 6 0 -1
2004 3 0 -1
2010 5 1 -1
2010 5 0 1111
2010 7 1 1111
2010 2 1 -1
2010 8 1 -1
2010 2 0 1111
2010 8 0 1111
2010 1 1 1111
2010 4 1 1111
2010 6 0 -1
2010 3 0 -1
2014 5 0 -1
2014 0 1 110
2014 2 0 -1
2014 1 0 1110
2014 4 0 1110
2014 4 1 -1
2014 1 1 -1
2014 3 1 1110
2014 6 1 1110
2011 5 0 -1
2011 0 1 100
2011 7 0 1111
2011 7 1 -1
2011 2 0 -1
2011 8 0 -1
2011 1 0 1101
2011 4 0 1111
2011 1 1 -1
2011 4 1 -1
2011 3 1 1111
2011 6 1 1111
1020 5 1 -1
1020 5 0 1111
1020 7 1 1111
1020 2 1 -1
1020 8 1 -1
1020 2 0 1111
1020 8 0 1111
1020 1 1 1111
1020 4 1 1111
1020 6 0 -1
1020 3 0 -1
2012 5 1 1111
2012 0 0 100
2012 7 0 -1
2012 2 1 1111
2012 8 1 1111
2012 1 0 -1
2012 4 0 -1
2012 3 1 -1
2012 6 1 -1
2012 6 0 1111
2012 3 0 1111
2013 5 1 -1
2013 5 0 1111
2013 7 1 1111
2013 2 1 -1
2013 2 0 1111
2013 1 1 1111
2013 4 1 1111
2013 6 0 -1
2013 3 0 -1
1021 0 1 101
1021 5 0 -1
1021 7 0 1111
1021 7 1 -1
1021 2 0 -1
1021 8 0 -1
1021 1 0 111
1021 4 0 1111
1021 1 1 -1
1021 4 1 -1
1021 3 1 1111
1021 6 1 1111
1010 5 1 1111
1010 0 0 100
1010 7 0 -1
1010 2 1 1111
1010 8 1 1111
1010 1 0 -1
1010 4 0 -1
1010 3 1 -1
1010 6 1 -1
1010 6 0 1111
1010 3 0 1111
1022 5 1 1111
1022 0 0 10
1022 0 1 -1
1022 7 0 -1
1022 2 1 1111
1022 8 1 1111
1022 1 0 -1
1022 4 0 -1
1022 3 1 -1
1022 6 1 -1
1022 6 0 1111
1022 3 0 1111
1023 5 1 -1
1023 5 0 1111
1023 7 1 1111
1023 2 1 -1
1023 2 0 1111
1023 1 1 1111
1023 4 1 1111
1023 6 0 -1
1023 3 0 -1
1012 0 1 110
1012 5 0 -1
1012 7 0 1111
1012 7 1 -1
1012 2 0 -1
1012 8 0 -1
1012 1 0 1111
1012 4 0 1111
1012 1 1 -1
1012 4 1 -1
1012 3 1 1111
1012 6 1 1111
1014 5 1 -1
1014 5 0 1110
1014 7 1 1110
1014 2 1 -1
1014 2 0 1110
1014 4 1 1110
1014 1 1 1110
1014 6 0 -1
1014 3 0 -1
1011 5 1 -1
1011 5 0 1111
1011 7 1 1111
1011 2 1 -1
1011 8 1 -1
1011 2 0 1111
1011 8 0 1111
1011 1 1 1111
1011 4 1 1111
1011 6 0 -1
1011 3 0 -1
1000 5 0 -1
1000 0 1 1000
1000 7 0 1111
1000 7 1 -1
1000 2 0 -1
1000 8 0 -1
1000 1 0 1111
1000 4 0 1111
1000 1 1 -1
1000 4 1 -1
1000 3 1 1111
1000 6 1 1111
1001 5 1 1111
1001 0 0 100
1001 7 0 -1
1001 2 1 1111
1001 8 1 1111
1001 1 0 -1
1001 4 0 -1
1001 3 1 -1
1001 6 1 -1
1001 6 0 1111
1001 3 0 1111
1013 5 1 1111
1013 0 0 100
1013 7 0 -1
1013 2 1 1111
1013 8 1 1111
1013 1 0 -1
1013 4 0 -1
1013 3 1 -1
1013 6 1 -1
1013 6 0 1111
1013 3 0 1111
1003 5 0 -1
1003 0 1 1100
1003 7 0 1111
1003 7 1 -1
1003 2 0 -1
1003 8 0 -1
1003 1 0 1111
1003 4 0 1111
1003 1 1 -1
1003 4 1 -1
1003 3 1 1111
1003 6 1 1111
1002 5 1 -1
1002 5 0 1111
1002 7 1 1111
1002 2 1 -1
1002 8 1 -1
1002 2 0 1111
1002 8 0 1111
1002 1 1 1111
1002 4 1 1111
1002 6 0 -1
1002 3 0 -1
1004 5 1 1110
1004 0 0 100
1004 7 0 -1
1004 8 1 1110
1004 2 1 1110
1004 1 0 -1
1004 4 0 -1
1004 3 1 -1
1004 6 1 -1
1004 6 0 1110
1004 3 0 1110
