4 5 0 -1
4 7 0 110
4 7 1 -1
4 2 0 -1
4 8 0 -1
4 1 0 110
4 4 0 110
4 4 1 -1
4 3 1 110
4 6 1 110
2 5 1 111
2 0 0 1
2 0 1 -1
2 7 0 -1
2 2 1 111
2 8 1 111
2 1 0 -1
2 4 0 -1
2 3 1 -1
2 6 1 -1
2 6 0 111
2 3 0 111
1 5 0 -1
1 0 1 1
1 7 0 111
1 7 1 -1
1 2 0 -1
1 8 0 -1
1 1 0 111
1 4 0 111
1 4 1 -1
1 1 1 -1
1 3 1 111
1 6 1 111
3 5 1 -1
10 5 0 -1
10 0 1 10
10 7 0 111
10 7 1 -1
10 2 0 -1
10 8 0 -1
10 1 0 111
10 4 0 111
10 1 1 -1
10 4 1 -1
10 3 1 111
10 6 1 111
3 0 0 -1
3 5 0 111
3 7 1 111
3 8 1 -1
3 2 1 -1
3 2 0 111
3 8 0 111
3 4 1 111
3 1 1 110
3 6 0 -1
3 3 0 -1
11 5 1 111
12 5 1 -1
11 0 0 100
12 5 0 111
12 7 1 111
11 7 0 -1
12 8 1 -1
11 2 1 111
12 2 1 -1
12 2 0 111
12 8 0 111
11 8 1 111
11 1 0 -1
11 4 0 -1
12 4 1 111
11 3 1 -1
11 6 1 -1
12 1 1 111
11 6 0 111
12 6 0 -1
11 3 0 111
12 3 0 -1
14 5 1 110
14 0 0 100
14 7 0 -1
14 2 1 110
14 1 0 -1
14 4 0 -1
14 6 1 -1
14 3 1 -1
14 6 0 110
14 3 0 110
13 5 0 -1
13 0 1 110
13 7 0 111
13 7 1 -1
13 2 0 -1
13 8 0 -1
13 1 0 111
13 4 0 111
13 4 1 -1
13 1 1 -1
13 3 1 111
13 6 1 111
21 5 1 -1
21 5 0 111
21 7 1 111
21 8 1 -1
21 2 1 -1
21 2 0 111
21 8 0 111
21 4 1 111
21 1 1 111
21 6 0 -1
21 3 0 -1
20 5 1 111
20 0 0 10
20 0 1 -1
20 7 0 -1
20 2 1 111
20 8 1 111
20 1 0 -1
20 4 0 -1
20 3 1 -1
20 6 1 -1
20 6 0 111
20 3 0 111
23 5 1 111
23 0 0 10
23 0 1 -1
23 7 0 -1
23 2 1 111
23 1 0 -1
23 4 0 -1
23 3 1 -1
23 6 1 -1
23 6 0 111
23 3 0 111
22 5 0 -1
22 0 1 11
22 7 0 111
22 7 1 -1
22 2 0 -1
22 8 0 -1
22 1 0 111
22 4 0 111
22 4 1 -1
22 1 1 -1
22 3 1 111
22 6 1 111
24 5 1 -1
24 5 0 110
24 2 1 -1
24 2 0 110
24 4 1 110
24 1 1 110
24 6 0 -1
24 3 0 -1
31 5 0 -1
31 0 1 101
31 7 0 111
31 7 1 -1
31 2 0 -1
31 8 0 -1
31 1 0 111
31 4 0 111
31 4 1 -1
31 1 1 -1
31 3 1 111
31 6 1 111
34 0 1 100
34 5 0 -1
34 2 0 -1
34 1 0 110
34 4 0 110
34 4 1 -1
34 1 1 -1
34 3 1 110
304 5 0 -1
304 0 1 10
304 2 0 -1
304 1 0 110
304 4 0 110
304 1 1 -1
304 4 1 -1
304 3 1 110
32 5 1 111
32 0 0 1
32 0 1 -1
32 7 0 -1
32 2 1 111
32 1 0 -1
32 4 0 -1
32 3 1 -1
32 6 1 -1
32 6 0 111
32 3 0 111
33 5 1 -1
33 0 0 -1
33 5 0 111
33 2 1 -1
33 2 0 111
33 4 1 111
33 1 1 111
33 6 0 -1
33 3 0 -1
30 5 1 -1
30 0 0 -1
30 5 0 111
30 7 1 111
30 8 1 -1
30 2 1 -1
30 2 0 111
30 8 0 111
30 1 1 101
30 4 1 111
30 6 0 -1
30 3 0 -1
42 5 1 -1
42 5 0 101
42 2 1 -1
42 2 0 101
42 4 1 101
42 1 1 101
42 6 0 -1
42 3 0 -1
313 5 0 -1
313 0 1 111
313 2 0 -1
313 1 0 111
313 4 0 111
313 4 1 -1
313 1 1 -1
313 3 1 111
312 5 1 -1
312 5 0 111
312 2 1 -1
312 2 0 111
312 4 1 111
312 1 1 111
312 6 0 -1
312 3 0 -1
43 0 1 100
43 5 0 -1
43 2 0 -1
43 1 0 101
43 4 0 101
43 4 1 -1
43 1 1 -1
43 3 1 101
40 5 0 -1
40 7 0 101
40 7 1 -1
40 2 0 -1
40 8 0 -1
40 1 0 101
40 4 0 101
40 4 1 -1
40 6 1 101
40 3 1 101
41 5 1 101
41 0 0 100
41 7 0 -1
41 2 1 101
41 1 0 -1
41 4 0 -1
41 6 1 -1
41 3 1 -1
41 6 0 101
41 3 0 101
314 0 0 100
314 0 1 -1
314 2 1 110
314 1 0 -1
314 4 0 -1
314 3 1 -1
314 3 0 110
44 0 0 100
44 2 1 100
44 1 0 -1
44 4 0 -1
44 3 1 -1
44 3 0 100
300 5 1 -1
300 0 0 -1
300 5 0 111
300 7 1 111
300 8 1 -1
300 2 1 -1
300 2 0 111
300 8 0 111
300 1 1 11
300 4 1 111
300 6 0 -1
300 3 0 -1
301 5 0 -1
301 0 1 11
301 7 0 111
301 7 1 -1
301 2 0 -1
301 8 0 -1
301 1 0 111
301 4 0 111
301 4 1 -1
301 1 1 -1
301 6 1 111
301 3 1 111
302 5 1 111
302 0 0 1
302 0 1 -1
302 7 0 -1
302 2 1 111
302 1 0 -1
302 4 0 -1
302 3 1 -1
302 6 1 -1
302 6 0 111
302 3 0 111
311 5 1 111
311 0 0 100
311 0 1 -1
311 7 0 -1
311 2 1 111
311 1 0 -1
311 4 0 -1
311 3 1 -1
311 6 1 -1
311 6 0 111
311 3 0 111
303 5 1 -1
303 0 0 -1
303 5 0 111
303 2 1 -1
303 2 0 111
303 4 1 111
303 1 1 111
303 6 0 -1
303 3 0 -1
343 0 1 101
343 2 0 -1
343 1 0 101
343 1 1 -1
342 2 1 -1
342 2 0 101
342 1 1 101
342 3 0 -1
310 5 0 -1
310 0 1 11
310 7 0 111
310 7 1 -1
310 2 0 -1
310 8 0 -1
310 1 0 111
310 4 0 111
310 1 1 -1
310 4 1 -1
310 6 1 111
310 3 1 111
341 0 0 100
341 0 1 -1
341 2 1 101
341 1 0 -1
341 4 0 -1
341 3 1 -1
341 3 0 101
340 5 0 -1
340 0 1 1
340 2 0 -1
340 1 0 101
340 4 0 101
340 1 1 -1
340 4 1 -1
340 3 1 101
324 2 1 -1
324 2 0 110
324 1 1 110
324 3 0 -1
344 0 0 100
344 0 1 -1
344 1 0 -1
322 5 0 -1
322 0 1 111
322 2 0 -1
322 1 0 11
322 4 0 111
322 4 1 -1
322 1 1 -1
322 3 1 111
320 5 1 111
320 0 0 10
320 0 1 -1
320 7 0 -1
320 2 1 111
320 1 0 -1
320 4 0 -1
320 3 1 -1
320 6 1 -1
320 6 0 111
320 3 0 111
334 0 1 110
334 2 0 -1
334 1 0 110
321 5 1 -1
334 1 1 -1
321 5 0 111
321 2 1 -1
332 0 0 1
332 0 1 -1
332 2 1 111
332 1 0 -1
332 4 0 -1
332 3 1 -1
332 3 0 111
323 0 0 10
321 2 0 111
321 4 1 111
321 1 1 111
321 6 0 -1
321 3 0 -1
333 0 0 -1
333 2 1 -1
333 2 0 111
333 1 1 111
333 3 0 -1
323 0 1 -1
323 2 1 111
330 5 1 -1
330 0 0 -1
330 5 0 111
323 1 0 -1
323 4 0 -1
323 3 1 -1
323 3 0 111
331 5 0 -1
331 0 1 111
331 2 0 -1
331 1 0 111
331 4 0 111
331 4 1 -1
331 1 1 -1
331 3 1 111
330 2 1 -1
102 5 1 -1
102 5 0 111
102 7 1 111
102 8 1 -1
102 2 1 -1
102 2 0 111
102 8 0 111
102 4 1 111
102 1 1 111
102 6 0 -1
102 3 0 -1
103 5 0 -1
103 0 1 110
103 7 0 111
103 7 1 -1
103 2 0 -1
103 8 0 -1
103 1 0 111
103 4 0 111
103 4 1 -1
103 1 1 -1
103 3 1 111
103 6 1 111
330 2 0 111
330 4 1 111
330 1 1 111
330 6 0 -1
330 3 0 -1
100 5 0 -1
100 0 1 100
100 7 0 111
100 7 1 -1
100 2 0 -1
100 8 0 -1
100 1 0 111
100 4 0 111
100 1 1 -1
100 4 1 -1
100 6 1 111
100 3 1 111
110 5 1 111
110 0 0 1
110 7 0 -1
110 2 1 111
110 8 1 111
110 1 0 -1
110 4 0 -1
110 3 1 -1
110 6 1 -1
110 6 0 111
110 3 0 111
111 5 1 -1
111 0 0 -1
111 5 0 111
111 7 1 111
111 8 1 -1
111 2 1 -1
111 2 0 111
111 8 0 111
101 5 1 111
101 0 0 10
101 7 0 -1
101 2 1 111
101 8 1 111
101 1 0 -1
101 4 0 -1
101 3 1 -1
101 6 1 -1
101 6 0 111
101 3 0 111
114 5 1 -1
114 0 0 -1
114 5 0 110
114 2 1 -1
114 2 0 110
114 4 1 110
114 1 1 110
114 6 0 -1
114 3 0 -1
113 5 1 111
113 0 0 1
113 0 1 -1
113 7 0 -1
113 2 1 111
113 1 0 -1
113 4 0 -1
113 3 1 -1
113 6 1 -1
113 6 0 111
113 3 0 111
111 1 1 111
111 4 1 111
111 6 0 -1
111 3 0 -1
124 5 0 -1
124 0 1 110
124 2 0 -1
124 1 0 10
124 4 0 110
124 4 1 -1
124 1 1 -1
124 3 1 110
112 5 0 -1
112 0 1 1
112 7 0 111
112 7 1 -1
112 2 0 -1
112 8 0 -1
112 1 0 111
112 4 0 111
112 4 1 -1
112 1 1 -1
112 3 1 111
112 6 1 111
104 5 1 110
104 0 0 10
104 7 0 -1
104 2 1 110
104 1 0 -1
104 4 0 -1
104 6 1 -1
104 3 1 -1
104 6 0 110
104 3 0 110
122 5 1 111
122 0 0 100
122 7 0 -1
122 2 1 111
122 1 0 -1
122 4 0 -1
122 3 1 -1
122 6 1 -1
122 6 0 111
122 3 0 111
123 5 1 -1
123 5 0 111
123 2 1 -1
123 2 0 111
123 4 1 111
123 1 1 111
123 6 0 -1
123 3 0 -1
121 5 0 -1
121 0 1 10
121 7 0 111
121 7 1 -1
121 2 0 -1
121 8 0 -1
121 1 0 111
121 4 0 111
121 1 1 -1
121 4 1 -1
121 3 1 111
121 6 1 111
120 5 1 -1
120 5 0 111
120 7 1 111
120 8 1 -1
120 2 1 -1
120 2 0 111
120 8 0 111
120 1 1 111
120 4 1 111
120 6 0 -1
120 3 0 -1
410 5 1 11
410 0 0 1
410 7 0 -1
410 2 1 11
410 1 0 -1
410 4 0 -1
410 6 1 -1
410 3 1 -1
410 6 0 11
410 3 0 11
411 5 1 -1
411 0 0 -1
411 5 0 11
411 2 1 -1
411 2 0 11
411 1 1 11
411 4 1 11
411 6 0 -1
411 3 0 -1
414 0 0 -1
414 2 1 -1
414 2 0 10
414 1 1 10
414 3 0 -1
141 5 1 -1
141 0 0 -1
141 5 0 101
141 2 1 -1
141 2 0 101
141 1 1 101
141 4 1 101
141 6 0 -1
141 3 0 -1
140 5 1 101
140 0 0 1
140 7 0 -1
140 2 1 101
140 1 0 -1
140 4 0 -1
140 6 1 -1
140 3 1 -1
140 6 0 101
140 3 0 101
412 5 0 -1
412 0 1 11
412 2 0 -1
412 1 0 1
412 4 0 11
412 4 1 -1
412 1 1 -1
412 3 1 11
143 0 0 1
413 0 0 1
413 0 1 -1
413 2 1 11
413 1 0 -1
413 4 0 -1
413 3 1 -1
413 3 0 11
142 5 0 -1
142 0 1 101
142 2 0 -1
142 1 0 1
142 4 0 101
142 4 1 -1
142 1 1 -1
142 3 1 101
402 5 1 -1
402 5 0 11
402 2 1 -1
402 2 0 11
402 4 1 11
402 1 1 11
402 6 0 -1
402 3 0 -1
143 0 1 -1
143 2 1 101
143 1 0 -1
143 4 0 -1
143 3 1 -1
143 3 0 101
403 0 1 10
403 5 0 -1
403 2 0 -1
403 1 0 11
403 4 0 11
403 4 1 -1
403 1 1 -1
403 3 1 11
131 5 1 111
131 0 0 10
131 0 1 -1
131 7 0 -1
131 2 1 111
131 1 0 -1
131 4 0 -1
400 5 0 -1
131 3 1 -1
400 7 0 11
131 6 1 -1
400 7 1 -1
131 6 0 111
400 2 0 -1
131 3 0 111
400 8 0 -1
400 1 0 11
400 4 0 11
400 4 1 -1
400 3 1 11
400 6 1 11
401 5 1 11
401 0 0 10
130 5 0 -1
130 0 1 101
401 7 0 -1
130 7 0 111
130 7 1 -1
401 2 1 11
130 2 0 -1
130 8 0 -1
401 1 0 -1
130 1 0 111
130 4 0 111
401 4 0 -1
130 1 1 -1
130 4 1 -1
401 6 1 -1
130 3 1 111
130 6 1 111
401 3 1 -1
401 6 0 11
401 3 0 11
133 5 0 -1
404 0 0 10
404 2 1 10
404 1 0 -1
404 4 0 -1
404 3 1 -1
404 3 0 10
134 0 0 10
134 0 1 -1
134 2 1 110
134 1 0 -1
134 4 0 -1
133 0 1 111
134 3 1 -1
134 3 0 110
132 5 1 -1
132 5 0 111
132 2 1 -1
132 2 0 111
132 4 1 111
132 1 1 111
132 6 0 -1
132 3 0 -1
133 2 0 -1
133 1 0 111
133 4 0 111
144 0 0 -1
144 2 1 -1
144 2 0 100
144 1 1 100
144 3 0 -1
440 0 0 1
440 2 1 1
440 1 0 -1
440 4 0 -1
440 3 1 -1
440 3 0 1
441 0 0 -1
441 2 1 -1
441 2 0 1
441 1 1 1
441 3 0 -1
442 0 1 1
442 2 0 -1
442 1 0 1
442 1 1 -1
443 0 0 1
443 0 1 -1
443 1 0 -1
444 0 0 -1
432 2 1 -1
432 2 0 11
432 1 1 11
432 3 0 -1
433 0 1 11
433 2 0 -1
433 1 0 11
433 1 1 -1
434 0 0 10
434 0 1 -1
434 1 0 -1
424 0 1 10
424 2 0 -1
424 1 0 10
424 1 1 -1
431 0 0 10
431 0 1 -1
431 2 1 11
431 1 0 -1
431 4 0 -1
431 3 1 -1
431 3 0 11
430 5 0 -1
430 0 1 1
430 2 0 -1
430 1 0 11
430 4 0 11
430 4 1 -1
430 1 1 -1
430 3 1 11
421 5 0 -1
421 0 1 11
421 2 0 -1
421 1 0 10
421 4 0 11
421 4 1 -1
421 1 1 -1
421 3 1 11
423 2 1 -1
423 2 0 11
423 1 1 11
133 4 1 -1
133 1 1 -1
133 3 1 111
422 0 1 -1
422 2 1 11
422 4 0 -1
422 3 1 -1
422 3 0 11
204 5 1 -1
204 5 0 110
204 2 1 -1
204 2 0 110
204 4 1 110
204 1 1 110
204 6 0 -1
204 3 0 -1
201 5 1 -1
201 5 0 111
201 7 1 111
201 8 1 -1
201 2 1 -1
201 2 0 111
201 8 0 111
201 4 1 111
201 1 1 111
201 6 0 -1
201 3 0 -1
423 3 0 -1
200 5 1 111
200 0 0 100
200 0 1 -1
200 7 0 -1
200 2 1 111
200 8 1 111
200 1 0 -1
200 4 0 -1
200 3 1 -1
200 6 1 -1
200 6 0 111
200 3 0 111
203 5 1 111
420 5 1 -1
203 0 0 100
203 0 1 -1
420 5 0 11
203 7 0 -1
203 2 1 111
203 1 0 -1
203 4 0 -1
203 3 1 -1
203 6 1 -1
203 6 0 111
203 3 0 111
420 2 1 -1
420 2 0 11
420 1 1 11
420 4 1 11
420 6 0 -1
420 3 0 -1
220 5 0 -1
220 0 1 110
220 7 0 111
220 7 1 -1
220 2 0 -1
220 8 0 -1
220 1 0 111
220 4 0 111
220 1 1 -1
220 4 1 -1
220 3 1 111
220 6 1 111
202 5 0 -1
202 0 1 101
202 7 0 111
202 7 1 -1
202 2 0 -1
202 8 0 -1
202 1 0 111
202 4 0 111
202 4 1 -1
202 1 1 -1
202 3 1 111
202 6 1 111
221 5 1 111
221 0 0 1
221 7 0 -1
221 2 1 111
221 1 0 -1
221 4 0 -1
221 3 1 -1
221 6 1 -1
221 6 0 111
222 5 1 -1
222 0 0 -1
223 5 0 -1
221 3 0 111
223 0 1 111
222 5 0 111
223 2 0 -1
223 1 0 110
222 2 1 -1
223 4 0 111
223 4 1 -1
222 2 0 111
223 1 1 -1
223 3 1 111
222 4 1 111
222 1 1 111
222 6 0 -1
222 3 0 -1
212 5 1 111
212 0 0 10
212 7 0 -1
212 2 1 111
213 5 1 -1
213 5 0 111
212 1 0 -1
213 2 1 -1
213 2 0 111
212 4 0 -1
213 4 1 111
213 1 1 111
212 3 1 -1
213 6 0 -1
213 3 0 -1
212 6 1 -1
212 6 0 111
212 3 0 111
214 5 0 -1
214 0 1 110
214 2 0 -1
214 1 0 100
214 4 0 110
214 4 1 -1
214 1 1 -1
214 3 1 110
210 5 1 -1
210 5 0 111
210 7 1 111
210 8 1 -1
210 2 1 -1
210 2 0 111
210 8 0 111
210 1 1 111
210 4 1 111
210 6 0 -1
210 3 0 -1
234 2 1 -1
234 2 0 110
234 1 1 110
234 3 0 -1
211 5 0 -1
211 0 1 100
211 7 0 111
211 7 1 -1
211 2 0 -1
211 8 0 -1
211 1 0 111
233 0 0 100
233 0 1 -1
211 4 0 111
233 2 1 111
233 1 0 -1
211 1 1 -1
233 4 0 -1
233 3 1 -1
211 4 1 -1
233 3 0 111
211 6 1 111
211 3 1 111
232 5 0 -1
232 0 1 111
232 2 0 -1
232 1 0 101
232 4 0 111
232 4 1 -1
232 1 1 -1
232 3 1 111
231 5 1 -1
231 5 0 111
231 2 1 -1
231 2 0 111
231 4 1 111
231 1 1 111
231 6 0 -1
231 3 0 -1
230 5 1 111
224 0 1 -1
230 0 0 100
224 2 1 110
224 4 0 -1
230 0 1 -1
224 3 1 -1
244 0 1 100
244 2 0 -1
224 3 0 110
230 7 0 -1
244 1 0 100
244 1 1 -1
230 2 1 111
230 1 0 -1
230 4 0 -1
230 3 1 -1
230 6 1 -1
242 0 1 -1
230 6 0 111
230 3 0 111
242 2 1 101
242 4 0 -1
242 3 1 -1
242 3 0 101
243 2 1 -1
243 2 0 101
243 1 1 101
243 3 0 -1
240 5 1 -1
241 5 0 -1
241 0 1 101
240 5 0 101
240 2 1 -1
240 2 0 101
240 1 1 101
240 4 1 101
240 6 0 -1
240 3 0 -1
241 2 0 -1
241 1 0 100
241 4 0 101
241 4 1 -1
241 1 1 -1
241 3 1 101
